# i_rad	L_edd
0.000000000000000000e+00 5.154242997854327768e+03
8.726646259971647954e-04 5.154020653397615206e+03
1.745329251994329591e-03 5.153358979968822496e+03
2.617993877991494495e-03 5.152266017479968468e+03
3.490658503988659182e-03 5.150749805843071954e+03
4.363323129985823869e-03 5.148818384970149054e+03
5.235987755982988989e-03 5.146479794773220419e+03
6.108652381980153243e-03 5.143742075164302150e+03
6.981317007977318363e-03 5.140613266055413987e+03
7.853981633974483484e-03 5.137101407358572942e+03
8.726646259971647737e-03 5.133214538985797844e+03
9.599310885968811990e-03 5.128960700849106615e+03
1.047197551196597798e-02 5.124347932860518995e+03
1.134464013796314223e-02 5.119384274932051085e+03
1.221730476396030649e-02 5.114077766975720806e+03
1.308996938995747247e-02 5.108436448903548808e+03
1.396263401595463673e-02 5.102468360627552102e+03
1.483529864195180098e-02 5.096181542059747699e+03
1.570796326794896697e-02 5.089584033112155339e+03
1.658062789394612949e-02 5.082683873696792034e+03
1.745329251994329547e-02 5.075489103725677523e+03
1.832595714594046146e-02 5.068007763110828819e+03
1.919862177193762398e-02 5.060247891764263841e+03
2.007128639793478997e-02 5.052217529598002329e+03
2.094395102393195596e-02 5.043924716524061296e+03
2.181661564992911848e-02 5.035377492454458661e+03
2.268928027592628446e-02 5.026583897301213256e+03
2.356194490192345045e-02 5.017551970976343000e+03
2.443460952792061297e-02 5.008289753391866725e+03
2.530727415391777896e-02 4.998805284459802351e+03
2.617993877991494495e-02 4.989106604092166890e+03
2.705260340591210746e-02 4.979201752200981900e+03
2.792526803190927345e-02 4.969098768698261665e+03
2.879793265790643944e-02 4.958805693496025015e+03
2.967059728390360196e-02 4.948330566506291689e+03
3.054326190990076795e-02 4.937681427641080518e+03
3.141592653589793394e-02 4.926866316812407604e+03
3.228859116189509992e-02 4.915893273932292686e+03
3.316125578789225897e-02 4.904770338912752777e+03
3.403392041388942496e-02 4.893505551665805797e+03
3.490658503988659095e-02 4.882106952103471485e+03
3.577924966588375694e-02 4.870582580137767764e+03
3.665191429188092292e-02 4.858940475680711643e+03
3.752457891787808891e-02 4.847188678644322863e+03
3.839724354387524796e-02 4.835335228940618435e+03
3.926990816987241395e-02 4.823388166481617191e+03
4.014257279586957994e-02 4.811355531179336140e+03
4.101523742186674593e-02 4.799245362945795932e+03
4.188790204786391191e-02 4.787065701693012670e+03
4.276056667386107790e-02 4.774824587333005184e+03
4.363323129985823695e-02 4.762530059777791394e+03
4.450589592585540294e-02 4.749237685994263302e+03
4.537856055185256893e-02 4.734024502255184416e+03
4.625122517784973492e-02 4.716930752431385372e+03
4.712388980384690090e-02 4.697996680393695897e+03
4.799655442984406689e-02 4.677262530012945717e+03
4.886921905584122594e-02 4.654768545159962741e+03
4.974188368183839193e-02 4.630554969705578515e+03
5.061454830783555792e-02 4.604662047520620945e+03
5.148721293383272390e-02 4.577130022475920669e+03
5.235987755982988989e-02 4.547999138442306503e+03
5.323254218582705588e-02 4.517309639290608175e+03
5.410520681182421493e-02 4.485101768891654501e+03
5.497787143782138092e-02 4.451415771116276119e+03
5.585053606381854691e-02 4.416291889835302754e+03
5.672320068981571289e-02 4.379770368919563225e+03
5.759586531581287888e-02 4.341891452239886348e+03
5.846852994181003793e-02 4.302695383667102760e+03
5.934119456780720392e-02 4.262222407072042188e+03
6.021385919380436991e-02 4.220512766325534358e+03
6.108652381980153590e-02 4.177606705298406268e+03
6.195918844579870188e-02 4.133544467861490375e+03
6.283185307179586787e-02 4.088366297885614586e+03
6.370451769779303386e-02 4.042112439241608172e+03
6.457718232379019985e-02 3.994823135800302225e+03
6.544984694978736584e-02 3.946538631432524653e+03
6.632251157578451795e-02 3.897299170009107911e+03
6.719517620178168393e-02 3.847144995400877633e+03
6.806784082777884992e-02 3.796116351478664910e+03
6.894050545377601591e-02 3.744253482113299469e+03
6.981317007977318190e-02 3.691596631175611947e+03
7.068583470577034789e-02 3.638186042536428886e+03
7.155849933176751387e-02 3.584061960066582287e+03
7.243116395776467986e-02 3.529264627636901423e+03
7.330382858376184585e-02 3.473834289118214656e+03
7.417649320975901184e-02 3.417811188381352622e+03
7.504915783575617783e-02 3.361235569297145048e+03
7.592182246175334381e-02 3.304147675736419387e+03
7.679448708775049592e-02 3.246587751570007640e+03
7.766715171374766191e-02 3.188596040668738169e+03
7.853981633974482790e-02 3.130212786903440247e+03
7.941248096574199389e-02 3.071478234144944508e+03
8.028514559173915988e-02 3.012432626264079317e+03
8.115781021773632586e-02 2.953116207131673946e+03
8.203047484373349185e-02 2.893569220618558575e+03
8.290313946973065784e-02 2.833831910595562931e+03
8.377580409572782383e-02 2.773944520933516742e+03
8.464846872172498982e-02 2.713947295503249734e+03
8.552113334772215580e-02 2.653880478175589815e+03
8.639379797371930791e-02 2.593784312821368076e+03
8.726646259971647390e-02 2.533699043311412879e+03
8.813912722571363989e-02 2.473664913516555316e+03
8.901179185171080588e-02 2.413722167307622385e+03
8.988445647770797187e-02 2.353911048555445632e+03
9.075712110370513785e-02 2.294271801130854328e+03
9.162978572970230384e-02 2.234844668904677746e+03
9.250245035569946983e-02 2.175669895747745159e+03
9.337511498169663582e-02 2.116787725530885837e+03
9.424777960769380181e-02 2.058238402124930872e+03
9.512044423369096779e-02 2.000062169400707717e+03
9.599310885968813378e-02 1.942299271229047235e+03
9.686577348568528589e-02 1.884989951480779837e+03
9.773843811168245188e-02 1.828174454026732519e+03
9.861110273767961787e-02 1.771893022737735919e+03
9.948376736367678386e-02 1.716185901484619762e+03
1.003564319896739498e-01 1.661093334138214004e+03
1.012290966156711158e-01 1.606655564569347007e+03
1.021017612416682818e-01 1.552912836648849179e+03
1.029744258676654478e-01 1.499905394247548884e+03
1.038470904936626138e-01 1.447673481236278803e+03
1.047197551196597798e-01 1.396257341485864799e+03
1.055924197456569458e-01 1.345697218867137508e+03
1.064650843716541118e-01 1.296033357250928020e+03
1.073377489976512639e-01 1.247306000508063335e+03
1.082104136236484299e-01 1.199555392509374087e+03
1.090830782496455958e-01 1.152821777125690915e+03
1.099557428756427618e-01 1.107145398227841724e+03
1.108284075016399278e-01 1.062566499686657153e+03
1.117010721276370938e-01 1.019125325372965563e+03
1.125737367536342598e-01 9.768621191575980447e+02
1.134464013796314258e-01 9.358171249113815975e+02
1.143190660056285918e-01 8.960305865051491310e+02
1.151917306316257578e-01 8.575427478097276435e+02
1.160643952576229238e-01 8.203938526959468618e+02
1.169370598836200759e-01 7.846241450346387865e+02
1.178097245096172418e-01 7.502738686966304158e+02
1.186823891356144078e-01 7.173832675527501124e+02
1.195550537616115738e-01 6.859925854738303315e+02
1.204277183876087398e-01 6.561420663306994356e+02
1.213003830136059058e-01 6.278719539941857875e+02
1.221730476396030718e-01 6.012224923351222969e+02
1.230457122656002378e-01 5.762339252243336887e+02
1.239183768915974038e-01 5.529464965326524180e+02
1.247910415175945698e-01 5.314004501309073021e+02
1.256637061435917357e-01 5.116360298899317058e+02
1.265363707695889017e-01 4.936934796805489896e+02
1.274090353955860677e-01 4.776130433735906990e+02
1.282817000215832337e-01 4.634349648398856516e+02
1.291543646475803997e-01 4.511994879502681215e+02
1.300270292735775657e-01 4.409468565755614691e+02
1.308996938995747317e-01 4.327173145865988317e+02
1.317723585255718977e-01 4.255445858769057850e+02
1.326450231515690359e-01 4.184356014551000271e+02
1.335176877775662019e-01 4.113904158646471956e+02
1.343903524035633679e-01 4.044090836490134961e+02
1.352630170295605339e-01 3.974916593516650209e+02
1.361356816555576998e-01 3.906381975160677484e+02
1.370083462815548658e-01 3.838487526856876570e+02
1.378810109075520318e-01 3.771233794039907821e+02
1.387536755335491978e-01 3.704621322144431588e+02
1.396263401595463638e-01 3.638650656605108793e+02
1.404990047855435298e-01 3.573322342856598084e+02
1.413716694115406958e-01 3.508636926333560382e+02
1.422443340375378618e-01 3.444594952470655471e+02
1.431169986635350277e-01 3.381196966702544842e+02
1.439896632895321937e-01 3.318443514463887141e+02
1.448623279155293597e-01 3.256335141189343290e+02
1.457349925415265257e-01 3.194872392313573641e+02
1.466076571675236917e-01 3.134055813271237412e+02
1.474803217935208577e-01 3.073885949496995522e+02
1.483529864195180237e-01 3.014363346425508894e+02
1.492256510455151897e-01 2.955488549491435606e+02
1.500983156715123557e-01 2.897262104129437716e+02
1.509709802975095216e-01 2.839684555774175010e+02
1.518436449235066876e-01 2.782756449860307271e+02
1.527163095495038259e-01 2.726478331822496557e+02
1.535889741755009918e-01 2.670850747095399811e+02
1.544616388014981578e-01 2.615874241113677385e+02
1.553343034274953238e-01 2.561549359311992475e+02
1.562069680534924898e-01 2.507876647125002592e+02
1.570796326794896558e-01 2.454856649987369224e+02
1.579522973054868218e-01 2.402489913333752156e+02
1.588249619314839878e-01 2.350776982598811458e+02
1.596976265574811538e-01 2.299718403217208049e+02
1.605702911834783198e-01 2.249314720623601147e+02
1.614429558094754857e-01 2.199566480252651104e+02
1.623156204354726517e-01 2.150474227539018557e+02
1.631882850614698177e-01 2.102038507917363290e+02
1.640609496874669837e-01 2.054259866822345657e+02
1.649336143134641497e-01 2.007138849688625726e+02
1.658062789394613157e-01 1.960676001950863849e+02
1.666789435654584817e-01 1.914871869043720096e+02
1.675516081914556477e-01 1.869726996401854819e+02
1.684242728174528136e-01 1.825241929459927803e+02
1.692969374434499796e-01 1.781417213652599685e+02
1.701696020694471456e-01 1.738253394414529964e+02
1.710422666954443116e-01 1.695751017180379563e+02
1.719149313214414776e-01 1.653910627384808265e+02
1.727875959474386158e-01 1.612732770462477845e+02
1.736602605734357818e-01 1.572217991848045529e+02
1.745329251994329478e-01 1.532366836976172806e+02
1.754055898254301138e-01 1.493179851281520314e+02
1.762782544514272798e-01 1.454657580198747269e+02
1.771509190774244458e-01 1.416800569162514876e+02
1.780235837034216118e-01 1.379609363607483203e+02
1.788962483294187777e-01 1.343084508968311468e+02
1.797689129554159437e-01 1.307226550679660875e+02
1.806415775814131097e-01 1.272036034176191635e+02
1.815142422074102757e-01 1.237513504892562963e+02
1.823869068334074417e-01 1.203659508263435924e+02
1.832595714594046077e-01 1.170474589723470160e+02
1.841322360854017737e-01 1.137959294707325881e+02
1.850049007113989397e-01 1.106114168649663867e+02
1.858775653373961056e-01 1.074939756985143617e+02
1.867502299633932716e-01 1.044436605148425627e+02
1.876228945893904376e-01 1.014605258574170108e+02
1.884955592153876036e-01 9.854462626970371275e+01
1.893682238413847696e-01 9.569601629516868968e+01
1.902408884673819356e-01 9.291475047727792003e+01
1.911135530933791016e-01 9.020088335949748171e+01
1.919862177193762676e-01 8.755446948529336737e+01
1.928588823453734336e-01 8.497556339813162651e+01
1.937315469713705718e-01 8.246421964147822337e+01
1.946042115973677378e-01 8.002049275879927848e+01
1.954768762233649038e-01 7.764443729356055712e+01
1.963495408493620697e-01 7.533610778922839302e+01
1.972222054753592357e-01 7.309555878926859407e+01
1.980948701013564017e-01 7.092284483714729504e+01
1.989675347273535677e-01 6.881802047633038910e+01
1.998401993533507337e-01 6.678114025028402523e+01
2.007128639793478997e-01 6.481225870247412502e+01
2.015855286053450657e-01 6.291143037636680191e+01
2.024581932313422317e-01 6.107870981542793487e+01
2.033308578573393977e-01 5.931415156312369419e+01
2.042035224833365636e-01 5.761781016291997304e+01
2.050761871093337296e-01 5.598974015828292750e+01
2.059488517353308956e-01 5.442999609267836547e+01
2.068215163613280616e-01 5.293863250957254252e+01
2.076941809873252276e-01 5.151570395243125944e+01
2.085668456133223936e-01 5.016126496472078600e+01
2.094395102393195596e-01 4.887537008990682352e+01
2.103121748653167256e-01 4.765807387145571283e+01
2.111848394913138915e-01 4.650943085283317657e+01
2.120575041173110575e-01 4.542949557750547029e+01
2.129301687433082235e-01 4.441832258893843033e+01
2.138028333693053618e-01 4.347596643059829802e+01
2.146754979953025277e-01 4.260248164595082443e+01
2.155481626212996937e-01 4.179792277846225090e+01
2.164208272472968597e-01 4.106234437159835693e+01
2.172934918732940257e-01 4.039580096882544780e+01
2.181661564992911917e-01 3.979834711360929589e+01
2.190388211252883577e-01 3.923762355449240857e+01
2.199114857512855237e-01 3.868125204987651955e+01
2.207841503772826897e-01 3.812925865801679493e+01
2.216568150032798556e-01 3.758166943716835817e+01
2.225294796292770216e-01 3.703851044558633987e+01
2.234021442552741876e-01 3.649980774152590612e+01
2.242748088812713536e-01 3.596558738324216620e+01
2.251474735072685196e-01 3.543587542899027198e+01
2.260201381332656856e-01 3.491069793702536828e+01
2.268928027592628516e-01 3.439008096560258565e+01
2.277654673852600176e-01 3.387405057297706179e+01
2.286381320112571836e-01 3.336263281740394859e+01
2.295107966372543495e-01 3.285585375713836953e+01
2.303834612632515155e-01 3.235373945043547650e+01
2.312561258892486815e-01 3.185631595555040008e+01
2.321287905152458475e-01 3.136360933073827795e+01
2.330014551412430135e-01 3.087564563425425845e+01
2.338741197672401517e-01 3.039245092435348283e+01
2.347467843932373177e-01 2.991405125929107456e+01
2.356194490192344837e-01 2.944047269732217842e+01
2.364921136452316497e-01 2.897174129670193210e+01
2.373647782712288157e-01 2.850788311568548394e+01
2.382374428972259817e-01 2.804892421252796098e+01
2.391101075232231477e-01 2.759489064548450798e+01
2.399827721492203136e-01 2.714580847281026976e+01
2.408554367752174796e-01 2.670170375276037333e+01
2.417281014012146456e-01 2.626260254358996349e+01
2.426007660272118116e-01 2.582853090355418502e+01
2.434734306532089776e-01 2.539951489090816850e+01
2.443460952792061436e-01 2.497558056390705872e+01
2.452187599052033096e-01 2.455675398080599336e+01
2.460914245312004756e-01 2.414306119986011012e+01
2.469640891571976415e-01 2.373452827932454312e+01
2.478367537831948075e-01 2.333118127745444070e+01
2.487094184091919735e-01 2.293304625250493345e+01
2.495820830351891395e-01 2.254014926273116615e+01
2.504547476611863055e-01 2.215251636638828003e+01
2.513274122871834715e-01 2.177017362173140569e+01
2.522000769131806375e-01 2.139314708701569145e+01
2.530727415391778035e-01 2.102146282049626436e+01
2.539454061651749694e-01 2.065514688042827629e+01
2.548180707911721354e-01 2.029422532506685783e+01
2.556907354171693014e-01 1.993872421266715023e+01
2.565634000431664674e-01 1.958866960148429470e+01
2.574360646691636334e-01 1.924408754977342895e+01
2.583087292951607994e-01 1.890500411578969420e+01
2.591813939211579654e-01 1.857144535778822103e+01
2.600540585471551314e-01 1.824343733402416134e+01
2.609267231731522974e-01 1.792100610275264216e+01
2.617993877991494633e-01 1.760417772222880828e+01
2.626720524251466293e-01 1.729297825070779737e+01
2.635447170511437953e-01 1.698743374644475068e+01
2.644173816771409058e-01 1.668757026769482721e+01
2.652900463031380718e-01 1.639341387271311845e+01
2.661627109291352378e-01 1.610499061975479407e+01
2.670353755551324038e-01 1.582232656707498641e+01
2.679080401811295697e-01 1.554544777292883495e+01
2.687807048071267357e-01 1.527438029557148624e+01
2.696533694331239017e-01 1.500915019325806554e+01
2.705260340591210677e-01 1.474978352424372119e+01
2.713986986851182337e-01 1.449630634678359442e+01
2.722713633111153997e-01 1.424874471913281759e+01
2.731440279371125657e-01 1.400712469954652839e+01
2.740166925631097317e-01 1.377147234627987871e+01
2.748893571891068976e-01 1.354181371758799202e+01
2.757620218151040636e-01 1.331817487172601489e+01
2.766346864411012296e-01 1.310058186694909210e+01
2.775073510670983956e-01 1.288906076151234892e+01
2.783800156930955616e-01 1.268363761367093012e+01
2.792526803190927276e-01 1.248433848167998406e+01
2.801253449450898936e-01 1.229118942379463775e+01
2.809980095710870596e-01 1.210421649827002888e+01
2.818706741970842256e-01 1.192344576336131468e+01
2.827433388230813915e-01 1.174890327732360973e+01
2.836160034490785575e-01 1.158061509841207304e+01
2.844886680750757235e-01 1.141860728488182808e+01
2.853613327010728895e-01 1.126290589498802142e+01
2.862339973270700555e-01 1.111353698698579962e+01
2.871066619530672215e-01 1.097052661913028615e+01
2.879793265790643875e-01 1.083390084967662759e+01
2.888519912050615535e-01 1.070368573687996872e+01
2.897246558310587194e-01 1.057990733899543834e+01
2.905973204570558854e-01 1.046259171427817947e+01
2.914699850830530514e-01 1.035176492098333689e+01
2.923426497090502174e-01 1.024745301736603764e+01
2.932153143350473834e-01 1.014968206168142828e+01
2.940879789610445494e-01 1.005847811218465537e+01
2.949606435870417154e-01 9.973867227130840618e+00
2.958333082130388814e-01 9.895875464775130581e+00
2.967059728390360474e-01 9.824528883372675381e+00
2.975786374650332133e-01 9.759853541178598491e+00
2.984513020910303793e-01 9.701875496448050029e+00
2.993239667170275453e-01 9.650620807436155246e+00
3.001966313430247113e-01 9.606115532398066037e+00
3.010692959690218773e-01 9.568385729588920086e+00
3.019419605950190433e-01 9.537457457263846194e+00
3.028146252210162093e-01 9.513356773677990930e+00
3.036872898470133753e-01 9.496109737086502633e+00
3.045599544730105412e-01 9.485742405744503003e+00
3.054326190990076517e-01 9.482280837907136828e+00
3.063052837250048177e-01 9.485640648829937405e+00
3.071779483510019837e-01 9.495630031826371109e+00
3.080506129769991497e-01 9.512113912238486790e+00
3.089232776029963157e-01 9.534957215408331521e+00
3.097959422289934817e-01 9.564024866677954151e+00
3.106686068549906476e-01 9.599181791389403529e+00
3.115412714809878136e-01 9.640292914884724951e+00
3.124139361069849796e-01 9.687223162505969043e+00
3.132866007329821456e-01 9.739837459595184654e+00
3.141592653589793116e-01 9.798000731494420634e+00
3.150319299849764776e-01 9.861577903545724055e+00
3.159045946109736436e-01 9.930433901091141990e+00
3.167772592369708096e-01 1.000443364947272151e+01
3.176499238629679756e-01 1.008344207403251680e+01
3.185225884889651415e-01 1.016732410011256960e+01
3.193952531149623075e-01 1.025594465305493053e+01
3.202679177409594735e-01 1.034916865820164844e+01
3.211405823669566395e-01 1.044686104089477219e+01
3.220132469929538055e-01 1.054888672647634884e+01
3.228859116189509715e-01 1.065511064028842902e+01
3.237585762449481375e-01 1.076539770767305626e+01
3.246312408709453035e-01 1.087961285397228117e+01
3.255039054969424694e-01 1.099762100452815261e+01
3.263765701229396354e-01 1.111928708468272120e+01
3.272492347489368014e-01 1.124447601977803046e+01
3.281218993749339674e-01 1.137305273515612924e+01
3.289945640009311334e-01 1.150488215615906817e+01
3.298672286269282994e-01 1.163982920812889432e+01
3.307398932529254654e-01 1.177775881640765654e+01
3.316125578789226314e-01 1.191853590633740367e+01
3.324852225049197973e-01 1.206202540326018280e+01
3.333578871309169633e-01 1.220809223251804099e+01
3.342305517569141293e-01 1.235660131945302709e+01
3.351032163829112953e-01 1.250741758940718995e+01
3.359758810089084613e-01 1.266040596772258020e+01
3.368485456349056273e-01 1.281543137974124313e+01
3.377212102609027933e-01 1.297235875080522582e+01
3.385938748868999593e-01 1.313105300625658067e+01
3.394665395128971253e-01 1.329137907143735298e+01
3.403392041388942912e-01 1.345320187168959158e+01
3.412118687648914572e-01 1.361638633235534535e+01
3.420845333908886232e-01 1.378079737877665956e+01
3.429571980168857892e-01 1.394629993629558662e+01
3.438298626428829552e-01 1.411275893025417183e+01
3.447025272688801212e-01 1.428003928599446581e+01
3.455751918948772317e-01 1.444800592885850499e+01
3.464478565208743976e-01 1.461652378418835951e+01
3.473205211468715636e-01 1.478545777732606581e+01
3.481931857728687296e-01 1.495467283361366739e+01
3.490658503988658956e-01 1.512403387839322377e+01
3.499385150248630616e-01 1.529340583700677669e+01
3.508111796508602276e-01 1.546265363479637323e+01
3.516838442768573936e-01 1.563164219710406400e+01
3.525565089028545596e-01 1.580023644927189608e+01
3.534291735288517255e-01 1.596830131664192187e+01
3.543018381548488915e-01 1.613570172455618135e+01
3.551745027808460575e-01 1.630230259835672868e+01
3.560471674068432235e-01 1.646796886338561094e+01
3.569198320328403895e-01 1.663256544498487699e+01
3.577924966588375555e-01 1.679595726849657211e+01
3.586651612848347215e-01 1.695800925926274871e+01
3.595378259108318875e-01 1.711858634262545209e+01
3.604104905368290535e-01 1.727755344392673109e+01
3.612831551628262194e-01 1.743477548850863457e+01
3.621558197888233854e-01 1.759011740171320781e+01
3.630284844148205514e-01 1.774344410888250678e+01
3.639011490408177174e-01 1.789462053535857322e+01
3.647738136668148834e-01 1.804351160648345598e+01
3.656464782928120494e-01 1.818998224759920390e+01
3.665191429188092154e-01 1.833389738404786584e+01
3.673918075448063814e-01 1.847512194117149420e+01
3.682644721708035473e-01 1.861352084431212361e+01
3.691371367968007133e-01 1.874895901881181715e+01
3.700098014227978793e-01 1.888130139001261654e+01
3.708824660487950453e-01 1.901041288325657064e+01
3.717551306747922113e-01 1.913615842388572830e+01
3.726277953007893773e-01 1.925840293724213836e+01
3.735004599267865433e-01 1.937701134866784614e+01
3.743731245527837093e-01 1.949184858350490401e+01
3.752457891787808753e-01 1.960277956709535374e+01
3.761184538047780412e-01 1.970966922478125127e+01
3.769911184307752072e-01 1.981238248190463480e+01
3.778637830567723732e-01 1.991078426380756738e+01
3.787364476827695392e-01 2.000473949583208721e+01
3.796091123087667052e-01 2.009411310332024314e+01
3.804817769347638712e-01 2.017877001161408757e+01
3.813544415607610372e-01 2.025857514605566223e+01
3.822271061867582032e-01 2.033339343198701954e+01
3.830997708127553691e-01 2.040308979475020834e+01
3.839724354387525351e-01 2.046752915968727393e+01
3.848451000647497011e-01 2.052657645214026871e+01
3.857177646907468671e-01 2.058009659745124509e+01
3.865904293167439776e-01 2.062795452096223059e+01
3.874630939427411436e-01 2.067001514801529893e+01
3.883357585687383096e-01 2.070614340395248121e+01
3.892084231947354755e-01 2.073620421411582626e+01
3.900810878207326415e-01 2.076006250384739715e+01
3.909537524467298075e-01 2.077758319848922497e+01
3.918264170727269735e-01 2.078863122338337988e+01
3.926990816987241395e-01 2.079307150387188940e+01
3.935717463247213055e-01 2.079415739605475011e+01
3.944444109507184715e-01 2.079523230825864744e+01
3.953170755767156375e-01 2.079629624416567424e+01
3.961897402027128035e-01 2.079734920745791982e+01
3.970624048287099694e-01 2.079839120181747703e+01
3.979350694547071354e-01 2.079942223092643516e+01
3.988077340807043014e-01 2.080044229846688708e+01
3.996803987067014674e-01 2.080145140812092208e+01
4.005530633326986334e-01 2.080244956357062591e+01
4.014257279586957994e-01 2.080343676849810208e+01
4.022983925846929654e-01 2.080441302658543279e+01
4.031710572106901314e-01 2.080537834151470378e+01
4.040437218366872973e-01 2.080633271696801856e+01
4.049163864626844633e-01 2.080727615662745933e+01
4.057890510886816293e-01 2.080820866417512249e+01
4.066617157146787953e-01 2.080913024329309735e+01
4.075343803406759613e-01 2.081004089766346254e+01
4.084070449666731273e-01 2.081094063096832869e+01
4.092797095926702933e-01 2.081182944688977443e+01
4.101523742186674593e-01 2.081270734910989262e+01
4.110250388446646252e-01 2.081357434131077255e+01
4.118977034706617912e-01 2.081443042717451064e+01
4.127703680966589572e-01 2.081527561038319263e+01
4.136430327226561232e-01 2.081610989461891492e+01
4.145156973486532892e-01 2.081693328356375972e+01
4.153883619746504552e-01 2.081774578089982697e+01
4.162610266006476212e-01 2.081854739030919887e+01
4.171336912266447872e-01 2.081933811547397184e+01
4.180063558526419532e-01 2.082011796007623872e+01
4.188790204786391191e-01 2.082088692779808525e+01
4.197516851046362851e-01 2.082164502232160075e+01
4.206243497306334511e-01 2.082239224732888516e+01
4.214970143566306171e-01 2.082312860650202069e+01
4.223696789826277831e-01 2.082385410352310018e+01
4.232423436086249491e-01 2.082456874207422004e+01
4.241150082346221151e-01 2.082527252583746247e+01
4.249876728606192811e-01 2.082596545849492387e+01
4.258603374866164470e-01 2.082664754372868998e+01
4.267330021126135575e-01 2.082731878522085722e+01
4.276056667386107235e-01 2.082797918665351844e+01
4.284783313646078895e-01 2.082862875170875583e+01
4.293509959906050555e-01 2.082926748406866579e+01
4.302236606166022215e-01 2.082989538741534119e+01
4.310963252425993875e-01 2.083051246543086421e+01
4.319689898685965534e-01 2.083111872179733481e+01
4.328416544945937194e-01 2.083171416019683875e+01
4.337143191205908854e-01 2.083229878431146886e+01
4.345869837465880514e-01 2.083287259782331802e+01
4.354596483725852174e-01 2.083343560441447551e+01
4.363323129985823834e-01 2.083398780776703063e+01
4.372049776245795494e-01 2.083452921156306914e+01
4.380776422505767154e-01 2.083505981948469454e+01
4.389503068765738814e-01 2.083557963521398548e+01
4.398229715025710473e-01 2.083608866243304192e+01
4.406956361285682133e-01 2.083658690482394604e+01
4.415683007545653793e-01 2.083707436606879781e+01
4.424409653805625453e-01 2.083755104984967943e+01
4.433136300065597113e-01 2.083801695984868729e+01
4.441862946325568773e-01 2.083847209974791426e+01
4.450589592585540433e-01 2.083891647322944252e+01
4.459316238845512093e-01 2.083935008397537203e+01
4.468042885105483752e-01 2.083977293566779210e+01
4.476769531365455412e-01 2.084018503198878491e+01
4.485496177625427072e-01 2.084058637662045044e+01
4.494222823885398732e-01 2.084097697324487797e+01
4.502949470145370392e-01 2.084135682554416036e+01
4.511676116405342052e-01 2.084172593720037980e+01
4.520402762665313712e-01 2.084208431189563271e+01
4.529129408925285372e-01 2.084243195331200837e+01
4.537856055185257032e-01 2.084276886513160321e+01
4.546582701445228691e-01 2.084309505103650295e+01
4.555309347705200351e-01 2.084341051470879691e+01
4.564035993965172011e-01 2.084371525983058149e+01
4.572762640225143671e-01 2.084400929008394243e+01
4.581489286485115331e-01 2.084429260915097259e+01
4.590215932745086991e-01 2.084456522071376483e+01
4.598942579005058651e-01 2.084482712845440489e+01
4.607669225265030311e-01 2.084507833605498561e+01
4.616395871525001970e-01 2.084531884719760342e+01
4.625122517784973630e-01 2.084554866556434050e+01
4.633849164044945290e-01 2.084576779483729325e+01
4.642575810304916950e-01 2.084597623869855099e+01
4.651302456564888610e-01 2.084617400083020300e+01
4.660029102824860270e-01 2.084636108491434214e+01
4.668755749084831930e-01 2.084653749463306127e+01
4.677482395344803034e-01 2.084670323366844968e+01
4.686209041604774694e-01 2.084685830570259313e+01
4.694935687864746354e-01 2.084700271441758446e+01
4.703662334124718014e-01 2.084713646349552008e+01
4.712388980384689674e-01 2.084725955661848928e+01
4.721115626644661334e-01 2.084737199746857783e+01
4.729842272904632994e-01 2.084747378972787857e+01
4.738568919164604654e-01 2.084756493707848435e+01
4.747295565424576314e-01 2.084764544320248802e+01
4.756022211684547973e-01 2.084771531178197534e+01
4.764748857944519633e-01 2.084777454649903916e+01
4.773475504204491293e-01 2.084782315103576877e+01
4.782202150464462953e-01 2.084786112907425704e+01
4.790928796724434613e-01 2.084788848429660035e+01
4.799655442984406273e-01 2.084790522038487737e+01
4.808382089244377933e-01 2.084791659278774389e+01
4.817108735504349593e-01 2.084792785445097962e+01
4.825835381764321252e-01 2.084793900530238275e+01
4.834562028024292912e-01 2.084795004526975504e+01
4.843288674284264572e-01 2.084796097428089823e+01
4.852015320544236232e-01 2.084797179226360342e+01
4.860741966804207892e-01 2.084798249914567592e+01
4.869468613064179552e-01 2.084799309485491037e+01
4.878195259324151212e-01 2.084800357931910852e+01
4.886921905584122872e-01 2.084801395246606859e+01
4.895648551844094531e-01 2.084802421422359231e+01
4.904375198104066191e-01 2.084803436451947078e+01
4.913101844364037851e-01 2.084804440328150932e+01
4.921828490624009511e-01 2.084805433043749900e+01
4.930555136883981171e-01 2.084806414591525225e+01
4.939281783143952831e-01 2.084807384964255306e+01
4.948008429403924491e-01 2.084808344154721027e+01
4.956735075663896151e-01 2.084809292155702209e+01
4.965461721923867811e-01 2.084810228959978673e+01
4.974188368183839470e-01 2.084811154560329527e+01
4.982915014443811130e-01 2.084812068949535302e+01
4.991641660703782790e-01 2.084812972120376173e+01
5.000368306963753895e-01 2.084813864065631250e+01
5.009094953223726110e-01 2.084814744778081064e+01
5.017821599483697215e-01 2.084815614250505433e+01
5.026548245743669430e-01 2.084816472475683824e+01
5.035274892003640534e-01 2.084817319446396766e+01
5.044001538263612749e-01 2.084818155155423369e+01
5.052728184523583854e-01 2.084818979595544519e+01
5.061454830783556069e-01 2.084819792759538970e+01
5.070181477043527174e-01 2.084820594640186897e+01
5.078908123303499389e-01 2.084821385230268831e+01
5.087634769563470494e-01 2.084822164522564236e+01
5.096361415823442709e-01 2.084822932509852933e+01
5.105088062083413813e-01 2.084823689184914741e+01
5.113814708343386028e-01 2.084824434540529836e+01
5.122541354603357133e-01 2.084825168569478038e+01
5.131268000863329348e-01 2.084825891264539166e+01
5.139994647123300453e-01 2.084826602618492331e+01
5.148721293383272668e-01 2.084827302624119483e+01
5.157447939643243773e-01 2.084827991274197956e+01
5.166174585903215988e-01 2.084828668561509701e+01
5.174901232163187093e-01 2.084829334478833118e+01
5.183627878423159308e-01 2.084829989018949092e+01
5.192354524683130412e-01 2.084830632174637088e+01
5.201081170943102627e-01 2.084831263938676926e+01
5.209807817203073732e-01 2.084831884303848781e+01
5.218534463463045947e-01 2.084832493262932473e+01
5.227261109723017052e-01 2.084833090808707468e+01
5.235987755982989267e-01 2.084833676933954294e+01
5.244714402242960372e-01 2.084834251631452062e+01
5.253441048502932587e-01 2.084834814893981658e+01
5.262167694762903691e-01 2.084835366714322191e+01
5.270894341022875906e-01 2.084835907085253837e+01
5.279620987282847011e-01 2.084836435999556059e+01
5.288347633542818116e-01 2.084836953450009389e+01
5.297074279802790331e-01 2.084837459429393292e+01
5.305800926062761436e-01 2.084837953930487942e+01
5.314527572322733651e-01 2.084838436946072804e+01
5.323254218582704755e-01 2.084838908468928054e+01
5.331980864842676970e-01 2.084839368491834222e+01
5.340707511102648075e-01 2.084839817007569707e+01
5.349434157362620290e-01 2.084840254008915394e+01
5.358160803622591395e-01 2.084840679488650750e+01
5.366887449882563610e-01 2.084841093439556303e+01
5.375614096142534715e-01 2.084841495854411164e+01
5.384340742402506930e-01 2.084841886725995508e+01
5.393067388662478034e-01 2.084842266047089154e+01
5.401794034922450249e-01 2.084842633810472634e+01
5.410520681182421354e-01 2.084842990008924701e+01
5.419247327442393569e-01 2.084843334635226242e+01
5.427973973702364674e-01 2.084843667682156720e+01
5.436700619962336889e-01 2.084843989142495957e+01
5.445427266222307994e-01 2.084844299009023771e+01
5.454153912482280209e-01 2.084844597274520694e+01
5.462880558742251313e-01 2.084844883931765125e+01
5.471607205002223528e-01 2.084845158973539014e+01
5.480333851262194633e-01 2.084845422392620407e+01
5.489060497522166848e-01 2.084845674181790187e+01
5.497787143782137953e-01 2.084845914333828176e+01
5.506513790042110168e-01 2.084846142841513839e+01
5.515240436302081273e-01 2.084846359697627349e+01
5.523967082562053488e-01 2.084846564894948528e+01
5.532693728822024593e-01 2.084846758426256841e+01
5.541420375081996808e-01 2.084846940284333172e+01
5.550147021341967912e-01 2.084847110461956632e+01
5.558873667601940127e-01 2.084847268951907751e+01
5.567600313861911232e-01 2.084847415746965282e+01
5.576326960121883447e-01 2.084847550839910113e+01
5.585053606381854552e-01 2.084847674223521707e+01
5.593780252641826767e-01 2.084847785890580241e+01
5.602506898901797872e-01 2.084847885833865178e+01
5.611233545161770087e-01 2.084847974046156693e+01
5.619960191421741191e-01 2.084848050520234608e+01
5.628686837681713406e-01 2.084848115248878742e+01
5.637413483941684511e-01 2.084848168224869269e+01
5.646140130201656726e-01 2.084848209440985300e+01
5.654866776461627831e-01 2.084848238890008076e+01
5.663593422721600046e-01 2.084848256564715996e+01
5.672320068981571151e-01 2.084848262457889945e+01
5.681046715241543366e-01 2.084795527356485323e+01
5.689773361501514470e-01 2.084638107808574503e+01
5.698500007761485575e-01 2.084377182448614008e+01
5.707226654021457790e-01 2.084013929911057872e+01
5.715953300281428895e-01 2.083549528830362618e+01
5.724679946541401110e-01 2.082985157840983348e+01
5.733406592801372215e-01 2.082321995577375162e+01
5.742133239061344430e-01 2.081561220673993517e+01
5.750859885321315534e-01 2.080704011765294226e+01
5.759586531581287749e-01 2.079751547485732388e+01
5.768313177841258854e-01 2.078705006469763461e+01
5.777039824101231069e-01 2.077565567351842901e+01
5.785766470361202174e-01 2.076334408766426165e+01
5.794493116621174389e-01 2.075012709347968354e+01
5.803219762881145494e-01 2.073601647730925279e+01
5.811946409141117709e-01 2.072102402549752398e+01
5.820673055401088813e-01 2.070516152438904811e+01
5.829399701661061028e-01 2.068844076032837620e+01
5.838126347921032133e-01 2.067087351966007347e+01
5.846852994181004348e-01 2.065247158872868027e+01
5.855579640440975453e-01 2.063324675387876184e+01
5.864306286700947668e-01 2.061321080145486562e+01
5.873032932960918773e-01 2.059237551780155329e+01
5.881759579220890988e-01 2.057075268926336875e+01
5.890486225480862092e-01 2.054835410218487368e+01
5.899212871740834307e-01 2.052519154291061909e+01
5.907939518000805412e-01 2.050127679778515954e+01
5.916666164260777627e-01 2.047662165315304961e+01
5.925392810520748732e-01 2.045123789535884740e+01
5.934119456780720947e-01 2.042513731074709682e+01
5.942846103040692052e-01 2.039833168566235955e+01
5.951572749300664267e-01 2.037083280644918659e+01
5.960299395560635372e-01 2.034265245945213607e+01
5.969026041820607587e-01 2.031380243101575900e+01
5.977752688080578691e-01 2.028429450748460994e+01
5.986479334340550906e-01 2.025414047520324345e+01
5.995205980600522011e-01 2.022335212051621767e+01
6.003932626860494226e-01 2.019194122976807293e+01
6.012659273120465331e-01 2.015991958930338512e+01
6.021385919380437546e-01 2.012729898546668750e+01
6.030112565640408651e-01 2.009409120460254528e+01
6.038839211900380866e-01 2.006030803305550592e+01
6.047565858160351970e-01 2.002596125717013464e+01
6.056292504420324185e-01 1.999106266329097537e+01
6.065019150680295290e-01 1.995562403776258620e+01
6.073745796940267505e-01 1.991965716692951816e+01
6.082472443200238610e-01 1.988317383713633291e+01
6.091199089460210825e-01 1.984618583472757436e+01
6.099925735720181930e-01 1.980870494604780774e+01
6.108652381980153034e-01 1.977074295744158050e+01
6.117379028240125249e-01 1.973231165525344011e+01
6.126105674500096354e-01 1.969342282582795889e+01
6.134832320760068569e-01 1.965408825550967009e+01
6.143558967020039674e-01 1.961431973064314249e+01
6.152285613280011889e-01 1.957412903757292000e+01
6.161012259539982994e-01 1.953352796264357139e+01
6.169738905799955209e-01 1.949252829219963346e+01
6.178465552059926313e-01 1.945114181258567854e+01
6.187192198319898528e-01 1.940938031014624343e+01
6.195918844579869633e-01 1.936725557122588981e+01
6.204645490839841848e-01 1.932477938216917224e+01
6.213372137099812953e-01 1.928196352932064528e+01
6.222098783359785168e-01 1.923881979902485995e+01
6.230825429619756273e-01 1.919535997762637436e+01
6.239552075879728488e-01 1.915159585146973953e+01
6.248278722139699592e-01 1.910753920689951357e+01
6.257005368399671807e-01 1.906320183026024395e+01
6.265732014659642912e-01 1.901859550789649234e+01
6.274458660919615127e-01 1.897373202615280263e+01
6.283185307179586232e-01 1.892862317137374362e+01
6.291911953439558447e-01 1.888328072990385209e+01
6.300638599699529552e-01 1.883771648808770394e+01
6.309365245959501767e-01 1.879194223226982885e+01
6.318091892219472872e-01 1.874596974879479916e+01
6.326818538479445087e-01 1.869981082400715522e+01
6.335545184739416191e-01 1.865347724425146936e+01
6.344271830999388406e-01 1.860698079587227838e+01
6.352998477259359511e-01 1.856033326521414395e+01
6.361725123519331726e-01 1.851354643862161709e+01
6.370451769779302831e-01 1.846663210243925946e+01
6.379178416039275046e-01 1.841960204301161497e+01
6.387905062299246151e-01 1.837246804668324529e+01
6.396631708559218366e-01 1.832524189979869789e+01
6.405358354819189470e-01 1.827793538870253442e+01
6.414085001079161685e-01 1.823056029973930237e+01
6.422811647339132790e-01 1.818312841925355983e+01
6.431538293599105005e-01 1.813565153358985782e+01
6.440264939859076110e-01 1.808814142909276157e+01
6.448991586119048325e-01 1.804060989210680432e+01
6.457718232379019430e-01 1.799306870897656196e+01
6.466444878638991645e-01 1.794552966604657129e+01
6.475171524898962749e-01 1.789800454966139753e+01
6.483898171158934964e-01 1.785050514616558814e+01
6.492624817418906069e-01 1.780304324190370480e+01
6.501351463678877174e-01 1.775563062322029850e+01
6.510078109938849389e-01 1.770827907645991317e+01
6.518804756198820494e-01 1.766100038796712113e+01
6.527531402458792709e-01 1.761380634408645918e+01
6.536258048718763813e-01 1.756670873116249254e+01
6.544984694978736028e-01 1.751971933553977223e+01
6.553711341238707133e-01 1.747202775467588154e+01
6.562437987498679348e-01 1.742283327431373507e+01
6.571164633758650453e-01 1.737216221322593057e+01
6.579891280018622668e-01 1.732004089018503379e+01
6.588617926278593773e-01 1.726649562396364246e+01
6.597344572538565988e-01 1.721155273333431523e+01
6.606071218798537092e-01 1.715523853706965340e+01
6.614797865058509307e-01 1.709757935394221917e+01
6.623524511318480412e-01 1.703860150272460672e+01
6.632251157578452627e-01 1.697833130218938180e+01
6.640977803838423732e-01 1.691679507110913860e+01
6.649704450098395947e-01 1.685401912825644288e+01
6.658431096358367052e-01 1.679002979240389237e+01
6.667157742618339267e-01 1.672485338232404217e+01
6.675884388878310371e-01 1.665851621678950423e+01
6.684611035138282586e-01 1.659104461457283008e+01
6.693337681398253691e-01 1.652246489444661748e+01
6.702064327658225906e-01 1.645280337518343927e+01
6.710790973918197011e-01 1.638208637555587899e+01
6.719517620178169226e-01 1.631034021433650594e+01
6.728244266438140331e-01 1.623759121029791785e+01
6.736970912698112546e-01 1.616386568221267694e+01
6.745697558958083651e-01 1.608918994885338094e+01
6.754424205218055866e-01 1.601359032899259205e+01
6.763150851478026970e-01 1.593709314140290800e+01
6.771877497737999185e-01 1.585972470485689279e+01
6.780604143997970290e-01 1.578151133812714235e+01
6.789330790257942505e-01 1.570247935998621536e+01
6.798057436517913610e-01 1.562265508920671664e+01
6.806784082777885825e-01 1.554206484456120130e+01
6.815510729037856930e-01 1.546073494482227595e+01
6.824237375297829145e-01 1.537869170876249214e+01
6.832964021557800249e-01 1.529596145515446004e+01
6.841690667817772464e-01 1.521257050277072942e+01
6.850417314077743569e-01 1.512854517038390867e+01
6.859143960337715784e-01 1.504391177676655111e+01
6.867870606597686889e-01 1.495869664069126515e+01
6.876597252857659104e-01 1.487292608093060053e+01
6.885323899117630209e-01 1.478662641625716390e+01
6.894050545377602424e-01 1.469982396544351388e+01
6.902777191637573528e-01 1.461254504726225001e+01
6.911503837897544633e-01 1.452481598048594513e+01
6.920230484157516848e-01 1.443666308388716679e+01
6.928957130417487953e-01 1.434811267623851272e+01
6.937683776677460168e-01 1.425919107631254690e+01
6.946410422937431273e-01 1.416992460288187061e+01
6.955137069197403488e-01 1.408033957471903541e+01
6.963863715457374592e-01 1.399046231059665324e+01
6.972590361717346807e-01 1.390031912928727387e+01
6.981317007977317912e-01 1.380993634956350391e+01
6.990043654237290127e-01 1.371934029019790025e+01
6.998770300497261232e-01 1.362855726996306416e+01
7.007496946757233447e-01 1.353761360763155253e+01
7.016223593017204552e-01 1.344653562197597196e+01
7.024950239277176767e-01 1.335534963176887757e+01
7.033676885537147871e-01 1.326408195578287241e+01
7.042403531797120086e-01 1.317275891279050981e+01
7.051130178057091191e-01 1.308140682156439816e+01
7.059856824317063406e-01 1.299005200087709433e+01
7.068583470577034511e-01 1.289872076950119606e+01
7.077310116837006726e-01 1.280743944620926733e+01
7.086036763096977831e-01 1.271623434977390588e+01
7.094763409356950046e-01 1.262513179896767035e+01
7.103490055616921151e-01 1.253415811256316736e+01
7.112216701876893366e-01 1.244333960933294669e+01
7.120943348136864470e-01 1.235270260804961673e+01
7.129669994396836685e-01 1.226227342748573079e+01
7.138396640656807790e-01 1.217207838641389905e+01
7.147123286916780005e-01 1.208214380360667306e+01
7.155849933176751110e-01 1.199249599783665410e+01
7.164576579436723325e-01 1.190316128787640260e+01
7.173303225696694430e-01 1.181416599249852339e+01
7.182029871956666645e-01 1.172553643047556804e+01
7.190756518216637749e-01 1.163729892058014137e+01
7.199483164476609964e-01 1.154947978158480204e+01
7.208209810736581069e-01 1.146210533226215489e+01
7.216936456996553284e-01 1.137520189138475502e+01
7.225663103256524389e-01 1.128879577772520371e+01
7.234389749516496604e-01 1.120291331005605961e+01
7.243116395776467709e-01 1.111758080714992403e+01
7.251843042036439924e-01 1.103282458777935915e+01
7.260569688296411028e-01 1.094867097071696094e+01
7.269296334556383243e-01 1.086514627473528982e+01
7.278022980816354348e-01 1.078227681860695064e+01
7.286749627076326563e-01 1.070008892110450027e+01
7.295476273336297668e-01 1.061860890100053645e+01
7.304202919596269883e-01 1.053786307706762493e+01
7.312929565856240988e-01 1.045787776807835989e+01
7.321656212116212092e-01 1.037867929280531420e+01
7.330382858376184307e-01 1.030029397002105895e+01
7.339109504636155412e-01 1.022274811849819187e+01
7.347836150896127627e-01 1.014606805700927161e+01
7.356562797156098732e-01 1.007028010432690301e+01
7.365289443416070947e-01 9.995410579223641179e+00
7.374016089676042052e-01 9.921485800472090943e+00
7.382742735936014267e-01 9.848532086844812738e+00
7.391469382195985371e-01 9.776575757114400744e+00
7.400196028455957586e-01 9.705643130053417167e+00
7.408922674715928691e-01 9.635760524434465069e+00
7.417649320975900906e-01 9.566954259030101326e+00
7.426375967235872011e-01 9.498654137153330623e+00
7.435102613495844226e-01 9.430277487518752721e+00
7.443829259755815331e-01 9.361831917001424586e+00
7.452555906015787546e-01 9.293325032476364100e+00
7.461282552275758650e-01 9.224764440818624678e+00
7.470009198535730865e-01 9.156157748903224203e+00
7.478735844795701970e-01 9.087512563605221416e+00
7.487462491055674185e-01 9.018836491799630650e+00
7.496189137315645290e-01 8.950137140361508870e+00
7.504915783575617505e-01 8.881422116165873959e+00
7.513642429835588610e-01 8.812699026087777554e+00
7.522369076095560825e-01 8.743975477002242869e+00
7.531095722355531930e-01 8.675259075784323315e+00
7.539822368615504145e-01 8.606557429309033225e+00
7.548549014875475249e-01 8.537878144451434892e+00
7.557275661135447464e-01 8.469228828086539096e+00
7.566002307395418569e-01 8.400617087089406354e+00
7.574728953655390784e-01 8.332050528335052775e+00
7.583455599915361889e-01 8.263536758698529994e+00
7.592182246175334104e-01 8.195083385054863001e+00
7.600908892435305209e-01 8.126698014279099880e+00
7.609635538695277424e-01 8.058388253246263844e+00
7.618362184955248528e-01 7.990161708831408305e+00
7.627088831215220743e-01 7.922025987909549372e+00
7.635815477475191848e-01 7.853988697355744009e+00
7.644542123735164063e-01 7.786057444045010101e+00
7.653268769995135168e-01 7.718239834852401948e+00
7.661995416255107383e-01 7.650543476652940100e+00
7.670722062515078488e-01 7.582975976321676193e+00
7.679448708775050703e-01 7.515544940733629886e+00
7.688175355035021807e-01 7.448257976763857258e+00
7.696902001294994022e-01 7.381122691287373527e+00
7.705628647554965127e-01 7.314146691179236548e+00
7.714355293814937342e-01 7.247337583314463316e+00
7.723081940074908447e-01 7.180702974568107244e+00
7.731808586334879552e-01 7.114250471815199539e+00
7.740535232594851767e-01 7.047987681930764303e+00
7.749261878854822871e-01 6.981922211789858501e+00
7.757988525114795086e-01 6.916061668267499130e+00
7.766715171374766191e-01 6.850413658238740489e+00
7.775441817634738406e-01 6.784985788578601351e+00
7.784168463894709511e-01 6.719785666162137794e+00
7.792895110154681726e-01 6.654820897864365925e+00
7.801621756414652831e-01 6.590099090560342709e+00
7.810348402674625046e-01 6.525627851125086920e+00
7.819075048934596150e-01 6.461414786433648416e+00
7.827801695194568365e-01 6.397467503361052188e+00
7.836528341454539470e-01 6.333793608782348095e+00
7.845254987714511685e-01 6.270400709572556686e+00
7.853981633974482790e-01 6.207296412606732261e+00
7.862708280234455005e-01 6.144488324759894482e+00
7.871434926494426110e-01 6.081984052907094096e+00
7.880161572754398325e-01 6.019791203923355205e+00
7.888888219014369430e-01 5.957917384683726780e+00
7.897614865274341645e-01 5.896370202063232924e+00
7.906341511534312749e-01 5.835157262936922606e+00
7.915068157794284964e-01 5.774286174179819042e+00
7.923794804054256069e-01 5.713764542666973867e+00
7.932521450314228284e-01 5.653599975273407630e+00
7.941248096574199389e-01 5.593800078874172854e+00
7.949974742834171604e-01 5.534372460344290978e+00
7.958701389094142709e-01 5.475324726558811861e+00
7.967428035354114924e-01 5.416664484392758716e+00
7.976154681614086028e-01 5.358399340721183179e+00
7.984881327874058243e-01 5.300536902419105800e+00
7.993607974134029348e-01 5.243084776361579102e+00
8.002334620394001563e-01 5.186050569423624523e+00
8.011061266653972668e-01 5.129441888480293699e+00
8.019787912913944883e-01 5.073266340406608066e+00
8.028514559173915988e-01 5.017531532077618373e+00
8.037241205433888203e-01 4.962245070368346056e+00
8.045967851693859307e-01 4.907414562153844528e+00
8.054694497953831522e-01 4.853047614309134339e+00
8.063421144213802627e-01 4.799151833709267123e+00
8.072147790473774842e-01 4.745734827229263431e+00
8.080874436733745947e-01 4.692804201744174897e+00
8.089601082993718162e-01 4.640367564129025624e+00
8.098327729253689267e-01 4.588432521258864583e+00
8.107054375513661482e-01 4.537006680008714099e+00
8.115781021773632586e-01 4.486097647253625809e+00
8.124507668033603691e-01 4.435713029868628254e+00
8.133234314293575906e-01 4.385860434728751756e+00
8.141960960553547011e-01 4.336547468709045283e+00
8.150687606813519226e-01 4.287781738684534716e+00
8.159414253073490331e-01 4.239570851530267248e+00
8.168140899333462546e-01 4.191922414121267870e+00
8.176867545593433650e-01 4.144844033332584665e+00
8.185594191853405865e-01 4.098343316039243511e+00
8.194320838113376970e-01 4.052427869116290715e+00
8.203047484373349185e-01 4.007105299438752155e+00
8.211774130633320290e-01 3.962383213881676802e+00
8.220500776893292505e-01 3.918269219320089647e+00
8.229227423153263610e-01 3.874770922629036995e+00
8.237954069413235825e-01 3.831895930683545171e+00
8.246680715673206929e-01 3.789651850358661811e+00
8.255407361933179144e-01 3.748046288529414127e+00
8.264134008193150249e-01 3.707086852070846206e+00
8.272860654453122464e-01 3.666781147857985701e+00
8.281587300713093569e-01 3.627136782765880696e+00
8.290313946973065784e-01 3.588161363669554849e+00
8.299040593233036889e-01 3.549546909691574381e+00
8.307767239493009104e-01 3.510983480153389014e+00
8.316493885752980209e-01 3.472475742228404716e+00
8.325220532012952424e-01 3.434028363090007918e+00
8.333947178272923528e-01 3.395646009911605034e+00
8.342673824532895743e-01 3.357333349866582495e+00
8.351400470792866848e-01 3.319095050128346713e+00
8.360127117052839063e-01 3.280935777870283676e+00
8.368853763312810168e-01 3.242860200265800241e+00
8.377580409572782383e-01 3.204872984488281951e+00
8.386307055832753488e-01 3.166978797711135662e+00
8.395033702092725703e-01 3.129182307107747807e+00
8.403760348352696807e-01 3.091488179851524354e+00
8.412486994612669022e-01 3.053901083115851289e+00
8.421213640872640127e-01 3.016425684074135916e+00
8.429940287132612342e-01 2.979066649899765107e+00
8.438666933392583447e-01 2.941828647766143057e+00
8.447393579652555662e-01 2.904716344846657972e+00
8.456120225912526767e-01 2.867734408314714933e+00
8.464846872172498982e-01 2.830887505343701260e+00
8.473573518432470086e-01 2.794180303107022034e+00
8.482300164692442301e-01 2.757617468778065462e+00
8.491026810952413406e-01 2.721203669530235736e+00
8.499753457212385621e-01 2.684943572536921508e+00
8.508480103472356726e-01 2.648841844971526971e+00
8.517206749732328941e-01 2.612903154007439888e+00
8.525933395992300046e-01 2.577132166818065784e+00
8.534660042252271150e-01 2.541533550576795975e+00
8.543386688512243365e-01 2.506111972457022219e+00
8.552113334772214470e-01 2.470872099632150487e+00
8.560839981032186685e-01 2.435818599275568097e+00
8.569566627292157790e-01 2.400956138560680131e+00
8.578293273552130005e-01 2.366289384660873463e+00
8.587019919812101110e-01 2.331823004749554951e+00
8.595746566072073325e-01 2.297561666000109692e+00
8.604473212332044429e-01 2.263510035585944102e+00
8.613199858592016644e-01 2.229672780680447275e+00
8.621926504851987749e-01 2.196054568457021183e+00
8.630653151111959964e-01 2.162660066089055366e+00
8.639379797371931069e-01 2.129493940749954461e+00
8.648106443631903284e-01 2.096560859613106675e+00
8.656833089891874389e-01 2.063865489851915758e+00
8.665559736151846604e-01 2.031412498639770803e+00
8.674286382411817709e-01 1.999206553150075560e+00
8.683013028671789924e-01 1.967252320556218903e+00
8.691739674931761028e-01 1.935554468031604358e+00
8.700466321191733243e-01 1.904117662749620798e+00
8.709192967451704348e-01 1.872946571883672640e+00
8.717919613711676563e-01 1.842045862607148088e+00
8.726646259971647668e-01 1.811420202093451559e+00
8.735372906231619883e-01 1.781074257515971482e+00
8.744099552491590988e-01 1.751012696048111383e+00
8.752826198751563203e-01 1.721240184863260581e+00
8.761552845011534307e-01 1.691761391134822823e+00
8.770279491271506522e-01 1.662580982036187205e+00
8.779006137531477627e-01 1.633703624740757032e+00
8.787732783791449842e-01 1.605133986421921399e+00
8.796459430051420947e-01 1.576876734253084278e+00
8.805186076311393162e-01 1.548936535407634096e+00
8.813912722571364267e-01 1.521318057058974826e+00
8.822639368831336482e-01 1.494025966380495341e+00
8.831366015091307586e-01 1.467064930545599832e+00
8.840092661351279801e-01 1.440439616727676952e+00
8.848819307611250906e-01 1.414154692100130006e+00
8.857545953871223121e-01 1.388214823836348755e+00
8.866272600131194226e-01 1.362624679109735837e+00
8.874999246391166441e-01 1.337388925093681680e+00
8.883725892651137546e-01 1.312512228961588256e+00
8.892452538911109761e-01 1.287999257886846216e+00
8.901179185171080865e-01 1.263854679042857754e+00
8.909905831431053080e-01 1.240083159603012852e+00
8.918632477691024185e-01 1.216689366740714595e+00
8.927359123950996400e-01 1.193677967629352965e+00
8.936085770210967505e-01 1.171053629442330157e+00
8.944812416470938610e-01 1.148821019353039485e+00
8.953539062730910825e-01 1.126984804534874929e+00
8.962265708990881929e-01 1.105549652161237795e+00
8.970992355250854144e-01 1.084520229405519398e+00
8.979719001510825249e-01 1.063901203441120824e+00
8.988445647770797464e-01 1.043697241441434054e+00
8.997172294030768569e-01 1.023913010579859950e+00
9.005898940290740784e-01 1.004553178029790050e+00
9.014625586550711889e-01 9.856224109646249953e-01
9.023352232810684104e-01 9.671253765577572103e-01
9.032078879070655208e-01 9.490667419825873363e-01
9.040805525330627423e-01 9.314511744125072434e-01
9.049532171590598528e-01 9.142833410209175726e-01
9.058258817850570743e-01 8.975679089812105271e-01
9.066985464110541848e-01 8.813095454667860817e-01
9.075712110370514063e-01 8.655129176510374389e-01
9.084438756630485168e-01 8.501826927073639073e-01
9.093165402890457383e-01 8.353235378091585783e-01
9.101892049150428488e-01 8.209401201298214268e-01
9.110618695410400703e-01 8.070371068427446559e-01
9.119345341670371807e-01 7.936191651213286846e-01
9.128071987930344022e-01 7.806909621389667153e-01
9.136798634190315127e-01 7.682571650690577236e-01
9.145525280450287342e-01 7.563224410849953561e-01
9.154251926710258447e-01 7.448914573601785882e-01
9.162978572970230662e-01 7.339688810680013997e-01
9.171705219230201767e-01 7.233260168919293243e-01
9.180431865490173982e-01 7.127317499867532602e-01
9.189158511750145086e-01 7.021871182328657257e-01
9.197885158010117301e-01 6.916931595106540209e-01
9.206611804270088406e-01 6.812509117005107750e-01
9.215338450530060621e-01 6.708614126828232882e-01
9.224065096790031726e-01 6.605257003379841896e-01
9.232791743050003941e-01 6.502448125463805573e-01
9.241518389309975046e-01 6.400197871884054646e-01
9.250245035569947261e-01 6.298516621444458785e-01
9.258971681829918365e-01 6.197414752948944283e-01
9.267698328089890580e-01 6.096902645201384141e-01
9.276424974349861685e-01 5.996990677005705761e-01
9.285151620609833900e-01 5.897689227165783254e-01
9.293878266869805005e-01 5.799008674485539583e-01
9.302604913129777220e-01 5.700959397768849968e-01
9.311331559389748325e-01 5.603551775819638481e-01
9.320058205649720540e-01 5.506796187441780344e-01
9.328784851909691644e-01 5.410703011439199628e-01
9.337511498169663859e-01 5.315282626615772665e-01
9.346238144429634964e-01 5.220545411775422417e-01
9.354964790689606069e-01 5.126501745722035208e-01
9.363691436949578284e-01 5.033162007259499582e-01
9.372418083209549389e-01 4.940536575191740720e-01
9.381144729469521604e-01 4.848635828322632735e-01
9.389871375729492708e-01 4.757470145456097477e-01
9.398598021989464923e-01 4.667049905396013498e-01
9.407324668249436028e-01 4.577385486946303206e-01
9.416051314509408243e-01 4.488487268910841266e-01
9.424777960769379348e-01 4.400365630093552860e-01
9.433504607029351563e-01 4.313030949298312655e-01
9.442231253289322668e-01 4.226493605329044723e-01
9.450957899549294883e-01 4.140763976989624839e-01
9.459684545809265988e-01 4.055852443083974301e-01
9.468411192069238203e-01 3.971769382415972216e-01
9.477137838329209307e-01 3.888525173789539324e-01
9.485864484589181522e-01 3.806130196008554178e-01
9.494591130849152627e-01 3.724594827876936409e-01
9.503317777109124842e-01 3.643929448198565124e-01
9.512044423369095947e-01 3.564144435777360509e-01
9.520771069629068162e-01 3.485250169417203336e-01
9.529497715889039267e-01 3.407257027922010462e-01
9.538224362149011482e-01 3.330175390095664878e-01
9.546951008408982586e-01 3.254015634742082330e-01
9.555677654668954801e-01 3.178788140665145256e-01
9.564404300928925906e-01 3.104503286668772177e-01
9.573130947188898121e-01 3.031171451556843865e-01
9.581857593448869226e-01 2.958803014133278286e-01
9.590584239708841441e-01 2.887408353201955102e-01
9.599310885968812546e-01 2.816997847566793944e-01
9.608037532228784761e-01 2.747581876031676695e-01
9.616764178488755865e-01 2.679170817400519100e-01
9.625490824748728080e-01 2.611775050477205262e-01
9.634217471008699185e-01 2.545404954065649816e-01
9.642944117268671400e-01 2.480070906969736033e-01
9.651670763528642505e-01 2.415783287993381601e-01
9.660397409788614720e-01 2.352552475940468679e-01
9.669124056048585825e-01 2.290388849614912736e-01
9.677850702308558040e-01 2.229302787820597320e-01
9.686577348568529144e-01 2.169304669361438176e-01
9.695303994828501359e-01 2.110404873041319962e-01
9.704030641088472464e-01 2.052613777664156758e-01
9.712757287348444679e-01 1.995941762033832112e-01
9.721483933608415784e-01 1.940399204954262047e-01
9.730210579868387999e-01 1.885996485229332054e-01
9.738937226128359104e-01 1.832743981662954269e-01
9.747663872388331319e-01 1.780652073059014184e-01
9.756390518648302423e-01 1.729731138221426989e-01
9.765117164908273528e-01 1.679991555954084004e-01
9.773843811168245743e-01 1.631443705060878213e-01
9.782570457428216848e-01 1.584097964345723142e-01
9.791297103688189063e-01 1.537964712612505669e-01
9.800023749948160168e-01 1.493054328665137653e-01
9.808750396208132383e-01 1.449377191307504309e-01
9.817477042468103487e-01 1.406943679343520548e-01
9.826203688728075702e-01 1.365764171577072972e-01
9.834930334988046807e-01 1.325849046812071774e-01
9.843656981248019022e-01 1.287208683852405500e-01
9.852383627507990127e-01 1.249853461501985313e-01
9.861110273767962342e-01 1.213793758564701286e-01
9.869836920027933447e-01 1.179039953844460836e-01
9.878563566287905662e-01 1.145602426145154590e-01
9.887290212547876767e-01 1.113491554270691908e-01
9.896016858807848982e-01 1.082717717024964110e-01
9.904743505067820086e-01 1.053291293211876672e-01
9.913470151327792301e-01 1.025222661635324939e-01
9.922196797587763406e-01 9.985222010992131358e-02
9.930923443847735621e-01 9.732002904074342486e-02
9.939650090107706726e-01 9.492673083638952791e-02
9.948376736367678941e-01 9.267336337724904616e-02
9.957103382627650046e-01 9.056096454371226345e-02
9.965830028887622261e-01 8.859057221616870037e-02
9.974556675147593365e-01 8.676322427500893220e-02
9.983283321407565580e-01 8.507995860062239624e-02
9.992009967667536685e-01 8.354181307339939022e-02
1.000073661392750779e+00 8.214982557372979555e-02
1.000946326018748112e+00 8.090503398200293850e-02
1.001818990644745222e+00 7.980847617860983845e-02
1.002691655270742332e+00 7.886119004393996046e-02
1.003564319896739443e+00 7.806421345838324144e-02
1.004436984522736775e+00 7.734772205051064498e-02
1.005309649148733886e+00 7.664113540697345406e-02
1.006182313774730996e+00 7.594435734528082182e-02
1.007054978400728107e+00 7.525729168294210958e-02
1.007927643026725439e+00 7.457984223746656760e-02
1.008800307652722550e+00 7.391191282636387638e-02
1.009672972278719660e+00 7.325340726714324457e-02
1.010545636904716771e+00 7.260422937731403348e-02
1.011418301530714103e+00 7.196428297438546562e-02
1.012290966156711214e+00 7.133347187586723537e-02
1.013163630782708324e+00 7.071169989926856525e-02
1.014036295408705435e+00 7.009887086209881657e-02
1.014908960034702767e+00 6.949488858186718410e-02
1.015781624660699878e+00 6.889965687608338996e-02
1.016654289286696988e+00 6.831307956225660116e-02
1.017526953912694099e+00 6.773506045789624841e-02
1.018399618538691209e+00 6.716550338051166524e-02
1.019272283164688542e+00 6.660431214761208807e-02
1.020144947790685652e+00 6.605139057670719738e-02
1.021017612416682763e+00 6.550664248530617406e-02
1.021890277042679873e+00 6.496997169091844881e-02
1.022762941668677206e+00 6.444128201105321641e-02
1.023635606294674316e+00 6.392047726322012957e-02
1.024508270920671427e+00 6.340746126492843859e-02
1.025380935546668537e+00 6.290213783368749090e-02
1.026253600172665870e+00 6.240441078700655758e-02
1.027126264798662980e+00 6.191418394239524975e-02
1.027998929424660091e+00 6.143136111736281768e-02
1.028871594050657201e+00 6.095584612941862962e-02
1.029744258676654534e+00 6.048754279607193585e-02
1.030616923302651644e+00 6.002635493483236828e-02
1.031489587928648755e+00 5.957218636320914945e-02
1.032362252554645865e+00 5.912494089871166841e-02
1.033234917180643198e+00 5.868452235884917545e-02
1.034107581806640308e+00 5.825083456113129554e-02
1.034980246432637419e+00 5.782378132306724428e-02
1.035852911058634529e+00 5.740326646216643153e-02
1.036725575684631862e+00 5.698919379593810758e-02
1.037598240310628972e+00 5.658146714189184884e-02
1.038470904936626082e+00 5.617999031753694722e-02
1.039343569562623193e+00 5.578466714038273627e-02
1.040216234188620525e+00 5.539540142793852179e-02
1.041088898814617636e+00 5.501209699771387324e-02
1.041961563440614746e+00 5.463465766721804090e-02
1.042834228066611857e+00 5.426298725396042077e-02
1.043706892692609189e+00 5.389698957545026314e-02
1.044579557318606300e+00 5.353656844919715829e-02
1.045452221944603410e+00 5.318162769271037038e-02
1.046324886570600521e+00 5.283207112349926765e-02
1.047197551196597853e+00 5.248780255907313508e-02
1.048070215822594964e+00 5.214872581694153519e-02
1.048942880448592074e+00 5.181474471461374603e-02
1.049815545074589185e+00 5.148576306959912197e-02
1.050688209700586517e+00 5.116168469940697572e-02
1.051560874326583628e+00 5.084241342154683513e-02
1.052433538952580738e+00 5.052785305352798517e-02
1.053306203578577849e+00 5.021790741285981491e-02
1.054178868204575181e+00 4.991248031705158850e-02
1.055051532830572292e+00 4.961147558361286153e-02
1.055924197456569402e+00 4.931479703005291898e-02
1.056796862082566513e+00 4.902234847388112216e-02
1.057669526708563623e+00 4.873403373260687399e-02
1.058542191334560956e+00 4.844975662373943864e-02
1.059414855960558066e+00 4.816942096478835089e-02
1.060287520586555177e+00 4.789293057326290959e-02
1.061160185212552287e+00 4.762018926667248298e-02
1.062032849838549620e+00 4.735110086252638378e-02
1.062905514464546730e+00 4.708556917833411209e-02
1.063778179090543841e+00 4.682349803160497370e-02
1.064650843716540951e+00 4.656479123984833685e-02
1.065523508342538284e+00 4.630935262057351426e-02
1.066396172968535394e+00 4.605708599129001990e-02
1.067268837594532505e+00 4.580789516950713181e-02
1.068141502220529615e+00 4.556168397273424597e-02
1.069014166846526948e+00 4.531835621848066820e-02
1.069886831472524058e+00 4.507781572425589162e-02
1.070759496098521169e+00 4.483996630756922203e-02
1.071632160724518279e+00 4.460471178593002767e-02
1.072504825350515612e+00 4.437195597684764209e-02
1.073377489976512722e+00 4.414160269783153762e-02
1.074250154602509832e+00 4.391355576639102698e-02
1.075122819228506943e+00 4.368771900003550618e-02
1.075995483854504275e+00 4.346399621627425325e-02
1.076868148480501386e+00 4.324229123261678909e-02
1.077740813106498496e+00 4.302250786657240561e-02
1.078613477732495607e+00 4.280454993565048494e-02
1.079486142358492939e+00 4.258832125736033980e-02
1.080358806984490050e+00 4.237372564921147028e-02
1.081231471610487160e+00 4.216066692871315441e-02
1.082104136236484271e+00 4.194904891337480901e-02
1.082976800862481603e+00 4.173877542070571905e-02
1.083849465488478714e+00 4.152975026821538462e-02
1.084722130114475824e+00 4.132187727341310457e-02
1.085594794740472935e+00 4.111506025380828183e-02
1.086467459366470267e+00 4.090920302691020138e-02
1.087340123992467378e+00 4.070420941022835637e-02
1.088212788618464488e+00 4.049998322127207340e-02
1.089085453244461599e+00 4.029642827755071377e-02
1.089958117870458931e+00 4.009344839657359716e-02
1.090830782496456042e+00 3.989094739585021671e-02
1.091703447122453152e+00 3.969201100872340321e-02
1.092576111748450263e+00 3.949967957970652865e-02
1.093448776374447595e+00 3.931378884306457183e-02
1.094321441000444706e+00 3.913417453306268501e-02
1.095194105626441816e+00 3.896067238396586779e-02
1.096066770252438927e+00 3.879311813003916837e-02
1.096939434878436037e+00 3.863134750554762104e-02
1.097812099504433370e+00 3.847519624475624622e-02
1.098684764130430480e+00 3.832450008193016844e-02
1.099557428756427591e+00 3.817909475133437341e-02
1.100430093382424701e+00 3.803881598723393709e-02
1.101302758008422034e+00 3.790349952389385213e-02
1.102175422634419144e+00 3.777298109557925693e-02
1.103048087260416255e+00 3.764709643655512333e-02
1.103920751886413365e+00 3.752568128108653422e-02
1.104793416512410698e+00 3.740857136343848921e-02
1.105666081138407808e+00 3.729560241787610586e-02
1.106538745764404919e+00 3.718661017866438379e-02
1.107411410390402029e+00 3.708143038006838504e-02
1.108284075016399362e+00 3.697989875635312312e-02
1.109156739642396472e+00 3.688185104178369478e-02
1.110029404268393582e+00 3.678712297062512043e-02
1.110902068894390693e+00 3.669555027714244827e-02
1.111774733520388025e+00 3.660696869560071259e-02
1.112647398146385136e+00 3.652121396026498240e-02
1.113520062772382246e+00 3.643812180540029894e-02
1.114392727398379357e+00 3.635752796527171038e-02
1.115265392024376689e+00 3.627926817414423022e-02
1.116138056650373800e+00 3.620317816628294133e-02
1.117010721276370910e+00 3.612909367595289190e-02
1.117883385902368021e+00 3.605685043741910928e-02
1.118756050528365353e+00 3.598628418494663472e-02
1.119628715154362464e+00 3.591723065280055111e-02
1.120501379780359574e+00 3.584952557524586497e-02
1.121374044406356685e+00 3.578300468654764532e-02
1.122246709032354017e+00 3.571750372097091952e-02
1.123119373658351128e+00 3.565285841278074963e-02
1.123992038284348238e+00 3.558890449624219771e-02
1.124864702910345349e+00 3.552547770562027030e-02
1.125737367536342681e+00 3.546241377518002946e-02
1.126610032162339792e+00 3.539954843918653726e-02
1.127482696788336902e+00 3.533671743190483494e-02
1.128355361414334013e+00 3.527375648759996374e-02
1.129228026040331345e+00 3.521050134053694408e-02
1.130100690666328456e+00 3.514678772498086579e-02
1.130973355292325566e+00 3.508245137519675622e-02
1.131846019918322677e+00 3.501732802544967049e-02
1.132718684544320009e+00 3.495125341000462210e-02
1.133591349170317120e+00 3.488406326312670780e-02
1.134464013796314230e+00 3.481559331908094801e-02
1.135336678422311341e+00 3.474567931213238398e-02
1.136209343048308673e+00 3.467415697654605000e-02
1.137082007674305784e+00 3.460086204658702896e-02
1.137954672300302894e+00 3.452563025652035517e-02
1.138827336926300005e+00 3.444829734061106291e-02
1.139700001552297115e+00 3.436869903312420038e-02
1.140572666178294448e+00 3.428667106832480188e-02
1.141445330804291558e+00 3.420204918047795029e-02
1.142317995430288669e+00 3.411466910384867296e-02
1.143190660056285779e+00 3.402436657270201115e-02
1.144063324682283111e+00 3.393097732130299221e-02
1.144935989308280222e+00 3.383433708391670597e-02
1.145808653934277332e+00 3.373428159480818672e-02
1.146681318560274443e+00 3.363064658824246878e-02
1.147553983186271775e+00 3.352326779848457255e-02
1.148426647812268886e+00 3.341198095979959481e-02
1.149299312438265996e+00 3.329662180645256986e-02
1.150171977064263107e+00 3.317702607270853199e-02
1.151044641690260439e+00 3.305302949283250163e-02
1.151917306316257550e+00 3.292446780108958942e-02
1.152789970942254660e+00 3.279117673174480191e-02
1.153662635568251771e+00 3.265299201906318033e-02
1.154535300194249103e+00 3.250974939730975899e-02
1.155407964820246214e+00 3.236128460074964158e-02
1.156280629446243324e+00 3.220743336364782772e-02
1.157153294072240435e+00 3.204803142026938639e-02
1.158025958698237767e+00 3.188291450487931028e-02
1.158898623324234878e+00 3.171191835174272389e-02
1.159771287950231988e+00 3.153487869512463376e-02
1.160643952576229099e+00 3.135163126929010197e-02
1.161516617202226431e+00 3.116201180850410729e-02
1.162389281828223542e+00 3.096585604703180894e-02
1.163261946454220652e+00 3.076299971913819264e-02
1.164134611080217763e+00 3.055327855908830659e-02
1.165007275706215095e+00 3.033652830114714691e-02
1.165879940332212206e+00 3.011258467957986240e-02
1.166752604958209316e+00 2.988128342865145615e-02
1.167625269584206427e+00 2.964246028262696939e-02
1.168497934210203759e+00 2.939595097577138091e-02
1.169370598836200870e+00 2.914159124234986381e-02
1.170243263462197980e+00 2.887921681662740728e-02
1.171115928088195091e+00 2.860866343286905256e-02
1.171988592714192423e+00 2.832976682533977150e-02
1.172861257340189534e+00 2.804236272830477189e-02
1.173733921966186644e+00 2.774628687602900823e-02
1.174606586592183755e+00 2.744137500277752870e-02
1.175479251218181087e+00 2.712746284281530862e-02
1.176351915844178198e+00 2.680438613040754883e-02
1.177224580470175308e+00 2.647198059981921425e-02
1.178097245096172418e+00 2.613008198531536694e-02
1.178969909722169529e+00 2.511217147981790673e-02
1.179842574348166861e+00 2.294943620900880346e-02
1.180715238974163972e+00 1.993827080629422335e-02
1.181587903600161082e+00 1.637506990507876792e-02
1.182460568226158193e+00 1.255622813876745153e-02
1.183333232852155525e+00 8.778140140764343138e-03
1.184205897478152636e+00 5.337200544476453784e-03
1.185078562104149746e+00 2.529803983307803844e-03
1.185951226730146857e+00 6.523450906634128965e-04
1.186823891356144189e+00 0.000000000000000000e+00
1.187696555982141300e+00 0.000000000000000000e+00
1.188569220608138410e+00 0.000000000000000000e+00
1.189441885234135521e+00 0.000000000000000000e+00
1.190314549860132853e+00 0.000000000000000000e+00
1.191187214486129964e+00 0.000000000000000000e+00
1.192059879112127074e+00 0.000000000000000000e+00
1.192932543738124185e+00 0.000000000000000000e+00
1.193805208364121517e+00 0.000000000000000000e+00
1.194677872990118628e+00 0.000000000000000000e+00
1.195550537616115738e+00 0.000000000000000000e+00
1.196423202242112849e+00 0.000000000000000000e+00
1.197295866868110181e+00 0.000000000000000000e+00
1.198168531494107292e+00 0.000000000000000000e+00
1.199041196120104402e+00 0.000000000000000000e+00
1.199913860746101513e+00 0.000000000000000000e+00
1.200786525372098845e+00 0.000000000000000000e+00
1.201659189998095956e+00 0.000000000000000000e+00
1.202531854624093066e+00 0.000000000000000000e+00
1.203404519250090177e+00 0.000000000000000000e+00
1.204277183876087509e+00 0.000000000000000000e+00
1.205149848502084620e+00 0.000000000000000000e+00
1.206022513128081730e+00 0.000000000000000000e+00
1.206895177754078841e+00 0.000000000000000000e+00
1.207767842380076173e+00 0.000000000000000000e+00
1.208640507006073284e+00 0.000000000000000000e+00
1.209513171632070394e+00 0.000000000000000000e+00
1.210385836258067505e+00 0.000000000000000000e+00
1.211258500884064837e+00 0.000000000000000000e+00
1.212131165510061948e+00 0.000000000000000000e+00
1.213003830136059058e+00 0.000000000000000000e+00
1.213876494762056168e+00 0.000000000000000000e+00
1.214749159388053501e+00 0.000000000000000000e+00
1.215621824014050611e+00 0.000000000000000000e+00
1.216494488640047722e+00 0.000000000000000000e+00
1.217367153266044832e+00 0.000000000000000000e+00
1.218239817892042165e+00 0.000000000000000000e+00
1.219112482518039275e+00 0.000000000000000000e+00
1.219985147144036386e+00 0.000000000000000000e+00
1.220857811770033496e+00 0.000000000000000000e+00
1.221730476396030607e+00 0.000000000000000000e+00
1.222603141022027939e+00 0.000000000000000000e+00
1.223475805648025050e+00 0.000000000000000000e+00
1.224348470274022160e+00 0.000000000000000000e+00
1.225221134900019271e+00 0.000000000000000000e+00
1.226093799526016603e+00 0.000000000000000000e+00
1.226966464152013714e+00 0.000000000000000000e+00
1.227839128778010824e+00 0.000000000000000000e+00
1.228711793404007935e+00 0.000000000000000000e+00
1.229584458030005267e+00 0.000000000000000000e+00
1.230457122656002378e+00 0.000000000000000000e+00
1.231329787281999488e+00 0.000000000000000000e+00
1.232202451907996599e+00 0.000000000000000000e+00
1.233075116533993931e+00 0.000000000000000000e+00
1.233947781159991042e+00 0.000000000000000000e+00
1.234820445785988152e+00 0.000000000000000000e+00
1.235693110411985263e+00 0.000000000000000000e+00
1.236565775037982595e+00 0.000000000000000000e+00
1.237438439663979706e+00 0.000000000000000000e+00
1.238311104289976816e+00 0.000000000000000000e+00
1.239183768915973927e+00 0.000000000000000000e+00
1.240056433541971259e+00 0.000000000000000000e+00
1.240929098167968370e+00 0.000000000000000000e+00
1.241801762793965480e+00 0.000000000000000000e+00
1.242674427419962591e+00 0.000000000000000000e+00
1.243547092045959923e+00 0.000000000000000000e+00
1.244419756671957034e+00 0.000000000000000000e+00
1.245292421297954144e+00 0.000000000000000000e+00
1.246165085923951255e+00 0.000000000000000000e+00
1.247037750549948587e+00 0.000000000000000000e+00
1.247910415175945698e+00 0.000000000000000000e+00
1.248783079801942808e+00 0.000000000000000000e+00
1.249655744427939918e+00 0.000000000000000000e+00
1.250528409053937251e+00 0.000000000000000000e+00
1.251401073679934361e+00 0.000000000000000000e+00
1.252273738305931472e+00 0.000000000000000000e+00
1.253146402931928582e+00 0.000000000000000000e+00
1.254019067557925915e+00 0.000000000000000000e+00
1.254891732183923025e+00 0.000000000000000000e+00
1.255764396809920136e+00 0.000000000000000000e+00
1.256637061435917246e+00 0.000000000000000000e+00
1.257509726061914579e+00 0.000000000000000000e+00
1.258382390687911689e+00 0.000000000000000000e+00
1.259255055313908800e+00 0.000000000000000000e+00
1.260127719939905910e+00 0.000000000000000000e+00
1.261000384565903021e+00 0.000000000000000000e+00
1.261873049191900353e+00 0.000000000000000000e+00
1.262745713817897464e+00 0.000000000000000000e+00
1.263618378443894574e+00 0.000000000000000000e+00
1.264491043069891685e+00 0.000000000000000000e+00
1.265363707695889017e+00 0.000000000000000000e+00
1.266236372321886128e+00 0.000000000000000000e+00
1.267109036947883238e+00 0.000000000000000000e+00
1.267981701573880349e+00 0.000000000000000000e+00
1.268854366199877681e+00 0.000000000000000000e+00
1.269727030825874792e+00 0.000000000000000000e+00
1.270599695451871902e+00 0.000000000000000000e+00
1.271472360077869013e+00 0.000000000000000000e+00
1.272345024703866345e+00 0.000000000000000000e+00
1.273217689329863456e+00 0.000000000000000000e+00
1.274090353955860566e+00 0.000000000000000000e+00
1.274963018581857677e+00 0.000000000000000000e+00
1.275835683207855009e+00 0.000000000000000000e+00
1.276708347833852120e+00 0.000000000000000000e+00
1.277581012459849230e+00 0.000000000000000000e+00
1.278453677085846341e+00 0.000000000000000000e+00
1.279326341711843673e+00 0.000000000000000000e+00
1.280199006337840784e+00 0.000000000000000000e+00
1.281071670963837894e+00 0.000000000000000000e+00
1.281944335589835005e+00 0.000000000000000000e+00
1.282817000215832337e+00 0.000000000000000000e+00
1.283689664841829448e+00 0.000000000000000000e+00
1.284562329467826558e+00 0.000000000000000000e+00
1.285434994093823668e+00 0.000000000000000000e+00
1.286307658719821001e+00 0.000000000000000000e+00
1.287180323345818111e+00 0.000000000000000000e+00
1.288052987971815222e+00 0.000000000000000000e+00
1.288925652597812332e+00 0.000000000000000000e+00
1.289798317223809665e+00 0.000000000000000000e+00
1.290670981849806775e+00 0.000000000000000000e+00
1.291543646475803886e+00 0.000000000000000000e+00
1.292416311101800996e+00 0.000000000000000000e+00
1.293288975727798329e+00 0.000000000000000000e+00
1.294161640353795439e+00 0.000000000000000000e+00
1.295034304979792550e+00 0.000000000000000000e+00
1.295906969605789660e+00 0.000000000000000000e+00
1.296779634231786993e+00 0.000000000000000000e+00
1.297652298857784103e+00 0.000000000000000000e+00
1.298524963483781214e+00 0.000000000000000000e+00
1.299397628109778324e+00 0.000000000000000000e+00
1.300270292735775435e+00 0.000000000000000000e+00
1.301142957361772767e+00 0.000000000000000000e+00
1.302015621987769878e+00 0.000000000000000000e+00
1.302888286613766988e+00 0.000000000000000000e+00
1.303760951239764099e+00 0.000000000000000000e+00
1.304633615865761431e+00 0.000000000000000000e+00
1.305506280491758542e+00 0.000000000000000000e+00
1.306378945117755652e+00 0.000000000000000000e+00
1.307251609743752763e+00 0.000000000000000000e+00
1.308124274369750095e+00 0.000000000000000000e+00
1.308996938995747206e+00 0.000000000000000000e+00
1.309869603621744316e+00 0.000000000000000000e+00
1.310742268247741427e+00 0.000000000000000000e+00
1.311614932873738759e+00 0.000000000000000000e+00
1.312487597499735870e+00 0.000000000000000000e+00
1.313360262125732980e+00 0.000000000000000000e+00
1.314232926751730091e+00 0.000000000000000000e+00
1.315105591377727423e+00 0.000000000000000000e+00
1.315978256003724534e+00 0.000000000000000000e+00
1.316850920629721644e+00 0.000000000000000000e+00
1.317723585255718755e+00 0.000000000000000000e+00
1.318596249881716087e+00 0.000000000000000000e+00
1.319468914507713198e+00 0.000000000000000000e+00
1.320341579133710308e+00 0.000000000000000000e+00
1.321214243759707418e+00 0.000000000000000000e+00
1.322086908385704751e+00 0.000000000000000000e+00
1.322959573011701861e+00 0.000000000000000000e+00
1.323832237637698972e+00 0.000000000000000000e+00
1.324704902263696082e+00 0.000000000000000000e+00
1.325577566889693415e+00 0.000000000000000000e+00
1.326450231515690525e+00 0.000000000000000000e+00
1.327322896141687636e+00 0.000000000000000000e+00
1.328195560767684746e+00 0.000000000000000000e+00
1.329068225393682079e+00 0.000000000000000000e+00
1.329940890019679189e+00 0.000000000000000000e+00
1.330813554645676300e+00 0.000000000000000000e+00
1.331686219271673410e+00 0.000000000000000000e+00
1.332558883897670743e+00 0.000000000000000000e+00
1.333431548523667853e+00 0.000000000000000000e+00
1.334304213149664964e+00 0.000000000000000000e+00
1.335176877775662074e+00 0.000000000000000000e+00
1.336049542401659407e+00 0.000000000000000000e+00
1.336922207027656517e+00 0.000000000000000000e+00
1.337794871653653628e+00 0.000000000000000000e+00
1.338667536279650738e+00 0.000000000000000000e+00
1.339540200905648071e+00 0.000000000000000000e+00
1.340412865531645181e+00 0.000000000000000000e+00
1.341285530157642292e+00 0.000000000000000000e+00
1.342158194783639402e+00 0.000000000000000000e+00
1.343030859409636513e+00 0.000000000000000000e+00
1.343903524035633845e+00 0.000000000000000000e+00
1.344776188661630956e+00 0.000000000000000000e+00
1.345648853287628066e+00 0.000000000000000000e+00
1.346521517913625177e+00 0.000000000000000000e+00
1.347394182539622509e+00 0.000000000000000000e+00
1.348266847165619620e+00 0.000000000000000000e+00
1.349139511791616730e+00 0.000000000000000000e+00
1.350012176417613841e+00 0.000000000000000000e+00
1.350884841043611173e+00 0.000000000000000000e+00
1.351757505669608284e+00 0.000000000000000000e+00
1.352630170295605394e+00 0.000000000000000000e+00
1.353502834921602505e+00 0.000000000000000000e+00
1.354375499547599837e+00 0.000000000000000000e+00
1.355248164173596948e+00 0.000000000000000000e+00
1.356120828799594058e+00 0.000000000000000000e+00
1.356993493425591168e+00 0.000000000000000000e+00
1.357866158051588501e+00 0.000000000000000000e+00
1.358738822677585611e+00 0.000000000000000000e+00
1.359611487303582722e+00 0.000000000000000000e+00
1.360484151929579832e+00 0.000000000000000000e+00
1.361356816555577165e+00 0.000000000000000000e+00
1.362229481181574275e+00 0.000000000000000000e+00
1.363102145807571386e+00 0.000000000000000000e+00
1.363974810433568496e+00 0.000000000000000000e+00
1.364847475059565829e+00 0.000000000000000000e+00
1.365720139685562939e+00 0.000000000000000000e+00
1.366592804311560050e+00 0.000000000000000000e+00
1.367465468937557160e+00 0.000000000000000000e+00
1.368338133563554493e+00 0.000000000000000000e+00
1.369210798189551603e+00 0.000000000000000000e+00
1.370083462815548714e+00 0.000000000000000000e+00
1.370956127441545824e+00 0.000000000000000000e+00
1.371828792067543157e+00 0.000000000000000000e+00
1.372701456693540267e+00 0.000000000000000000e+00
1.373574121319537378e+00 0.000000000000000000e+00
1.374446785945534488e+00 0.000000000000000000e+00
1.375319450571531821e+00 0.000000000000000000e+00
1.376192115197528931e+00 0.000000000000000000e+00
1.377064779823526042e+00 0.000000000000000000e+00
1.377937444449523152e+00 0.000000000000000000e+00
1.378810109075520485e+00 0.000000000000000000e+00
1.379682773701517595e+00 0.000000000000000000e+00
1.380555438327514706e+00 0.000000000000000000e+00
1.381428102953511816e+00 0.000000000000000000e+00
1.382300767579508927e+00 0.000000000000000000e+00
1.383173432205506259e+00 0.000000000000000000e+00
1.384046096831503370e+00 0.000000000000000000e+00
1.384918761457500480e+00 0.000000000000000000e+00
1.385791426083497591e+00 0.000000000000000000e+00
1.386664090709494923e+00 0.000000000000000000e+00
1.387536755335492034e+00 0.000000000000000000e+00
1.388409419961489144e+00 0.000000000000000000e+00
1.389282084587486255e+00 0.000000000000000000e+00
1.390154749213483587e+00 0.000000000000000000e+00
1.391027413839480698e+00 0.000000000000000000e+00
1.391900078465477808e+00 0.000000000000000000e+00
1.392772743091474918e+00 0.000000000000000000e+00
1.393645407717472251e+00 0.000000000000000000e+00
1.394518072343469361e+00 0.000000000000000000e+00
1.395390736969466472e+00 0.000000000000000000e+00
1.396263401595463582e+00 0.000000000000000000e+00
1.397136066221460915e+00 0.000000000000000000e+00
1.398008730847458025e+00 0.000000000000000000e+00
1.398881395473455136e+00 0.000000000000000000e+00
1.399754060099452246e+00 0.000000000000000000e+00
1.400626724725449579e+00 0.000000000000000000e+00
1.401499389351446689e+00 0.000000000000000000e+00
1.402372053977443800e+00 0.000000000000000000e+00
1.403244718603440910e+00 0.000000000000000000e+00
1.404117383229438243e+00 0.000000000000000000e+00
1.404990047855435353e+00 0.000000000000000000e+00
1.405862712481432464e+00 0.000000000000000000e+00
1.406735377107429574e+00 0.000000000000000000e+00
1.407608041733426907e+00 0.000000000000000000e+00
1.408480706359424017e+00 0.000000000000000000e+00
1.409353370985421128e+00 0.000000000000000000e+00
1.410226035611418238e+00 0.000000000000000000e+00
1.411098700237415571e+00 0.000000000000000000e+00
1.411971364863412681e+00 0.000000000000000000e+00
1.412844029489409792e+00 0.000000000000000000e+00
1.413716694115406902e+00 0.000000000000000000e+00
1.414589358741404235e+00 0.000000000000000000e+00
1.415462023367401345e+00 0.000000000000000000e+00
1.416334687993398456e+00 0.000000000000000000e+00
1.417207352619395566e+00 0.000000000000000000e+00
1.418080017245392899e+00 0.000000000000000000e+00
1.418952681871390009e+00 0.000000000000000000e+00
1.419825346497387120e+00 0.000000000000000000e+00
1.420698011123384230e+00 0.000000000000000000e+00
1.421570675749381563e+00 0.000000000000000000e+00
1.422443340375378673e+00 0.000000000000000000e+00
1.423316005001375784e+00 0.000000000000000000e+00
1.424188669627372894e+00 0.000000000000000000e+00
1.425061334253370005e+00 0.000000000000000000e+00
1.425933998879367337e+00 0.000000000000000000e+00
1.426806663505364448e+00 0.000000000000000000e+00
1.427679328131361558e+00 0.000000000000000000e+00
1.428551992757358668e+00 0.000000000000000000e+00
1.429424657383356001e+00 0.000000000000000000e+00
1.430297322009353111e+00 0.000000000000000000e+00
1.431169986635350222e+00 0.000000000000000000e+00
1.432042651261347332e+00 0.000000000000000000e+00
1.432915315887344665e+00 0.000000000000000000e+00
1.433787980513341775e+00 0.000000000000000000e+00
1.434660645139338886e+00 0.000000000000000000e+00
1.435533309765335996e+00 0.000000000000000000e+00
1.436405974391333329e+00 0.000000000000000000e+00
1.437278639017330439e+00 0.000000000000000000e+00
1.438151303643327550e+00 0.000000000000000000e+00
1.439023968269324660e+00 0.000000000000000000e+00
1.439896632895321993e+00 0.000000000000000000e+00
1.440769297521319103e+00 0.000000000000000000e+00
1.441641962147316214e+00 0.000000000000000000e+00
1.442514626773313324e+00 0.000000000000000000e+00
1.443387291399310657e+00 0.000000000000000000e+00
1.444259956025307767e+00 0.000000000000000000e+00
1.445132620651304878e+00 0.000000000000000000e+00
1.446005285277301988e+00 0.000000000000000000e+00
1.446877949903299321e+00 0.000000000000000000e+00
1.447750614529296431e+00 0.000000000000000000e+00
1.448623279155293542e+00 0.000000000000000000e+00
1.449495943781290652e+00 0.000000000000000000e+00
1.450368608407287985e+00 0.000000000000000000e+00
1.451241273033285095e+00 0.000000000000000000e+00
1.452113937659282206e+00 0.000000000000000000e+00
1.452986602285279316e+00 0.000000000000000000e+00
1.453859266911276649e+00 0.000000000000000000e+00
1.454731931537273759e+00 0.000000000000000000e+00
1.455604596163270870e+00 0.000000000000000000e+00
1.456477260789267980e+00 0.000000000000000000e+00
1.457349925415265313e+00 0.000000000000000000e+00
1.458222590041262423e+00 0.000000000000000000e+00
1.459095254667259534e+00 0.000000000000000000e+00
1.459967919293256644e+00 0.000000000000000000e+00
1.460840583919253977e+00 0.000000000000000000e+00
1.461713248545251087e+00 0.000000000000000000e+00
1.462585913171248198e+00 0.000000000000000000e+00
1.463458577797245308e+00 0.000000000000000000e+00
1.464331242423242418e+00 0.000000000000000000e+00
1.465203907049239751e+00 0.000000000000000000e+00
1.466076571675236861e+00 0.000000000000000000e+00
1.466949236301233972e+00 0.000000000000000000e+00
1.467821900927231082e+00 0.000000000000000000e+00
1.468694565553228415e+00 0.000000000000000000e+00
1.469567230179225525e+00 0.000000000000000000e+00
1.470439894805222636e+00 0.000000000000000000e+00
1.471312559431219746e+00 0.000000000000000000e+00
1.472185224057217079e+00 0.000000000000000000e+00
1.473057888683214189e+00 0.000000000000000000e+00
1.473930553309211300e+00 0.000000000000000000e+00
1.474803217935208410e+00 0.000000000000000000e+00
1.475675882561205743e+00 0.000000000000000000e+00
1.476548547187202853e+00 0.000000000000000000e+00
1.477421211813199964e+00 0.000000000000000000e+00
1.478293876439197074e+00 0.000000000000000000e+00
1.479166541065194407e+00 0.000000000000000000e+00
1.480039205691191517e+00 0.000000000000000000e+00
1.480911870317188628e+00 0.000000000000000000e+00
1.481784534943185738e+00 0.000000000000000000e+00
1.482657199569183071e+00 0.000000000000000000e+00
1.483529864195180181e+00 0.000000000000000000e+00
1.484402528821177292e+00 0.000000000000000000e+00
1.485275193447174402e+00 0.000000000000000000e+00
1.486147858073171735e+00 0.000000000000000000e+00
1.487020522699168845e+00 0.000000000000000000e+00
1.487893187325165956e+00 0.000000000000000000e+00
1.488765851951163066e+00 0.000000000000000000e+00
1.489638516577160399e+00 0.000000000000000000e+00
1.490511181203157509e+00 0.000000000000000000e+00
1.491383845829154620e+00 0.000000000000000000e+00
1.492256510455151730e+00 0.000000000000000000e+00
1.493129175081149063e+00 0.000000000000000000e+00
1.494001839707146173e+00 0.000000000000000000e+00
1.494874504333143284e+00 0.000000000000000000e+00
1.495747168959140394e+00 0.000000000000000000e+00
1.496619833585137727e+00 0.000000000000000000e+00
1.497492498211134837e+00 0.000000000000000000e+00
1.498365162837131948e+00 0.000000000000000000e+00
1.499237827463129058e+00 0.000000000000000000e+00
1.500110492089126391e+00 0.000000000000000000e+00
1.500983156715123501e+00 0.000000000000000000e+00
1.501855821341120611e+00 0.000000000000000000e+00
1.502728485967117722e+00 0.000000000000000000e+00
1.503601150593114832e+00 0.000000000000000000e+00
1.504473815219112165e+00 0.000000000000000000e+00
1.505346479845109275e+00 0.000000000000000000e+00
1.506219144471106386e+00 0.000000000000000000e+00
1.507091809097103496e+00 0.000000000000000000e+00
1.507964473723100829e+00 0.000000000000000000e+00
1.508837138349097939e+00 0.000000000000000000e+00
1.509709802975095050e+00 0.000000000000000000e+00
1.510582467601092160e+00 0.000000000000000000e+00
1.511455132227089493e+00 0.000000000000000000e+00
1.512327796853086603e+00 0.000000000000000000e+00
1.513200461479083714e+00 0.000000000000000000e+00
1.514073126105080824e+00 0.000000000000000000e+00
1.514945790731078157e+00 0.000000000000000000e+00
1.515818455357075267e+00 0.000000000000000000e+00
1.516691119983072378e+00 0.000000000000000000e+00
1.517563784609069488e+00 0.000000000000000000e+00
1.518436449235066821e+00 0.000000000000000000e+00
1.519309113861063931e+00 0.000000000000000000e+00
1.520181778487061042e+00 0.000000000000000000e+00
1.521054443113058152e+00 0.000000000000000000e+00
1.521927107739055485e+00 0.000000000000000000e+00
1.522799772365052595e+00 0.000000000000000000e+00
1.523672436991049706e+00 0.000000000000000000e+00
1.524545101617046816e+00 0.000000000000000000e+00
1.525417766243044149e+00 0.000000000000000000e+00
1.526290430869041259e+00 0.000000000000000000e+00
1.527163095495038370e+00 0.000000000000000000e+00
1.528035760121035480e+00 0.000000000000000000e+00
1.528908424747032813e+00 0.000000000000000000e+00
1.529781089373029923e+00 0.000000000000000000e+00
1.530653753999027034e+00 0.000000000000000000e+00
1.531526418625024144e+00 0.000000000000000000e+00
1.532399083251021477e+00 0.000000000000000000e+00
1.533271747877018587e+00 0.000000000000000000e+00
1.534144412503015698e+00 0.000000000000000000e+00
1.535017077129012808e+00 0.000000000000000000e+00
1.535889741755010141e+00 0.000000000000000000e+00
1.536762406381007251e+00 0.000000000000000000e+00
1.537635071007004361e+00 0.000000000000000000e+00
1.538507735633001472e+00 0.000000000000000000e+00
1.539380400258998804e+00 0.000000000000000000e+00
1.540253064884995915e+00 0.000000000000000000e+00
1.541125729510993025e+00 0.000000000000000000e+00
1.541998394136990136e+00 0.000000000000000000e+00
1.542871058762987468e+00 0.000000000000000000e+00
1.543743723388984579e+00 0.000000000000000000e+00
1.544616388014981689e+00 0.000000000000000000e+00
1.545489052640978800e+00 0.000000000000000000e+00
1.546361717266975910e+00 0.000000000000000000e+00
1.547234381892973243e+00 0.000000000000000000e+00
1.548107046518970353e+00 0.000000000000000000e+00
1.548979711144967464e+00 0.000000000000000000e+00
1.549852375770964574e+00 0.000000000000000000e+00
1.550725040396961907e+00 0.000000000000000000e+00
1.551597705022959017e+00 0.000000000000000000e+00
1.552470369648956128e+00 0.000000000000000000e+00
1.553343034274953238e+00 0.000000000000000000e+00
1.554215698900950571e+00 0.000000000000000000e+00
1.555088363526947681e+00 0.000000000000000000e+00
1.555961028152944792e+00 0.000000000000000000e+00
1.556833692778941902e+00 0.000000000000000000e+00
1.557706357404939235e+00 0.000000000000000000e+00
1.558579022030936345e+00 0.000000000000000000e+00
1.559451686656933456e+00 0.000000000000000000e+00
1.560324351282930566e+00 0.000000000000000000e+00
1.561197015908927899e+00 0.000000000000000000e+00
1.562069680534925009e+00 0.000000000000000000e+00
1.562942345160922120e+00 0.000000000000000000e+00
1.563815009786919230e+00 0.000000000000000000e+00
1.564687674412916563e+00 0.000000000000000000e+00
1.565560339038913673e+00 0.000000000000000000e+00
1.566433003664910784e+00 0.000000000000000000e+00
1.567305668290907894e+00 0.000000000000000000e+00
1.568178332916905227e+00 0.000000000000000000e+00
1.569050997542902337e+00 0.000000000000000000e+00
1.569923662168899448e+00 0.000000000000000000e+00
