# i_rad	L_edd
0.000000000000000000e+00 3.367153049826280949e+03
8.726646259971647954e-04 3.340963815453808365e+03
1.745329251994329591e-03 3.314805078999554098e+03
2.617993877991494495e-03 3.288678364339057680e+03
3.490658503988659182e-03 3.262585195347858189e+03
4.363323129985823869e-03 3.236527095901495613e+03
5.235987755982988989e-03 3.210505589875508122e+03
6.108652381980153243e-03 3.184522201145436611e+03
6.981317007977318363e-03 3.158578453586818796e+03
7.853981633974483484e-03 3.132675871075194209e+03
8.726646259971647737e-03 3.106815977486103293e+03
9.599310885968811990e-03 3.081000296695083762e+03
1.047197551196597798e-02 3.055230352577676058e+03
1.134464013796314223e-02 3.029507669009419260e+03
1.221730476396030649e-02 3.003833769865851991e+03
1.308996938995747247e-02 2.978210179022514239e+03
1.396263401595463673e-02 2.952638420354945083e+03
1.483529864195180098e-02 2.927120017738683600e+03
1.570796326794896697e-02 2.901656495049269324e+03
1.658062789394612949e-02 2.876249376162241788e+03
1.745329251994329547e-02 2.850900184953140069e+03
1.832595714594046146e-02 2.825610445297502793e+03
1.919862177193762398e-02 2.800381681070869945e+03
2.007128639793478997e-02 2.775215416148781060e+03
2.094395102393195596e-02 2.750113174406774306e+03
2.181661564992911848e-02 2.725076479720390125e+03
2.268928027592628446e-02 2.700106855965167142e+03
2.356194490192345045e-02 2.675205827016645344e+03
2.443460952792061297e-02 2.650374916750362900e+03
2.530727415391777896e-02 2.625615649041860252e+03
2.617993877991494495e-02 2.600929547766675569e+03
2.705260340591210746e-02 2.576318136800349748e+03
2.792526803190927345e-02 2.551782940018420504e+03
2.879793265790643944e-02 2.527325481296427370e+03
2.967059728390360196e-02 2.502947284509910332e+03
3.054326190990076795e-02 2.478649873534408016e+03
3.141592653589793394e-02 2.454434772245460408e+03
3.228859116189509992e-02 2.430303504518605678e+03
3.316125578789225897e-02 2.406257594229384722e+03
3.403392041388942496e-02 2.382298565253335710e+03
3.490658503988659095e-02 2.358427941465997264e+03
3.577924966588375694e-02 2.334647246742909829e+03
3.665191429188092292e-02 2.310958004959613390e+03
3.752457891787808891e-02 2.287361739991644299e+03
3.839724354387524796e-02 2.263859975714545271e+03
3.926990816987241395e-02 2.240454236003854476e+03
4.014257279586957994e-02 2.217146044735109626e+03
4.101523742186674593e-02 2.193936925783851621e+03
4.188790204786391191e-02 2.170828403025619536e+03
4.276056667386107790e-02 2.147822000335951998e+03
4.363323129985823695e-02 2.124919241590388992e+03
4.450589592585540294e-02 2.101909380521896310e+03
4.537856055185256893e-02 2.078587938532526550e+03
4.625122517784973492e-02 2.054965841001445824e+03
4.712388980384690090e-02 2.031054013307820014e+03
4.799655442984406689e-02 2.006863380830816141e+03
4.886921905584122594e-02 1.982404868949600541e+03
4.974188368183839193e-02 1.957689403043340235e+03
5.061454830783555792e-02 1.932727908491200878e+03
5.148721293383272390e-02 1.907531310672349719e+03
5.235987755982988989e-02 1.882110534965952866e+03
5.323254218582705588e-02 1.856476506751177340e+03
5.410520681182421493e-02 1.830640151407189478e+03
5.497787143782138092e-02 1.804612394313155164e+03
5.585053606381854691e-02 1.778404160848241872e+03
5.672320068981571289e-02 1.752026376391615713e+03
5.759586531581287888e-02 1.725489966322443024e+03
5.846852994181003793e-02 1.698805856019890825e+03
5.934119456780720392e-02 1.671984970863125000e+03
6.021385919380436991e-02 1.645038236231312794e+03
6.108652381980153590e-02 1.617976577503619865e+03
6.195918844579870188e-02 1.590810920059213913e+03
6.283185307179586787e-02 1.563552189277260140e+03
6.370451769779303386e-02 1.536211310536926021e+03
6.457718232379019985e-02 1.508799209217377665e+03
6.544984694978736584e-02 1.481326810697781866e+03
6.632251157578451795e-02 1.453805040357305415e+03
6.719517620178168393e-02 1.426244823575113742e+03
6.806784082777884992e-02 1.398657085730374320e+03
6.894050545377601591e-02 1.371052752202253032e+03
6.981317007977318190e-02 1.343442748369917354e+03
7.068583470577034789e-02 1.315837999612533167e+03
7.155849933176751387e-02 1.288249431309266811e+03
7.243116395776467986e-02 1.260687968839285304e+03
7.330382858376184585e-02 1.233164537581754757e+03
7.417649320975901184e-02 1.205690062915842191e+03
7.504915783575617783e-02 1.178275470220713487e+03
7.592182246175334381e-02 1.150931684875535666e+03
7.679448708775049592e-02 1.123669632259475748e+03
7.766715171374766191e-02 1.096500237751698933e+03
7.853981633974482790e-02 1.069434426731372696e+03
7.941248096574199389e-02 1.042483124577663148e+03
8.028514559173915988e-02 1.015657256669736967e+03
8.115781021773632586e-02 9.889677483867606043e+02
8.203047484373349185e-02 9.624255251079007394e+02
8.290313946973065784e-02 9.360415122123240508e+02
8.377580409572782383e-02 9.098266350791968762e+02
8.464846872172498982e-02 8.837918190876853259e+02
8.552113334772215580e-02 8.579479896169565336e+02
8.639379797371930791e-02 8.323060720461771780e+02
8.726646259971647390e-02 8.068769917545130284e+02
8.813912722571363989e-02 7.816716741211309909e+02
8.901179185171080588e-02 7.567010445251978581e+02
8.988445647770797187e-02 7.319760283458795129e+02
9.075712110370513785e-02 7.075075509623432026e+02
9.162978572970230384e-02 6.833065377537549239e+02
9.250245035569946983e-02 6.593839140992815828e+02
9.337511498169663582e-02 6.357506053780892898e+02
9.424777960769380181e-02 6.124175369693450648e+02
9.512044423369096779e-02 5.893956342522151317e+02
9.599310885968813378e-02 5.666958226058659420e+02
9.686577348568528589e-02 5.443290274094645156e+02
9.773843811168245188e-02 5.223061740421769628e+02
9.861110273767961787e-02 5.006381878831694507e+02
9.948376736367678386e-02 4.793359943116092836e+02
1.003564319896739498e-01 4.584105187066623444e+02
1.012290966156711158e-01 4.378726864474955391e+02
1.021017612416682818e-01 4.177334229132753762e+02
1.029744258676654478e-01 3.980036534831681365e+02
1.038470904936626138e-01 3.786943035363408399e+02
1.047197551196597798e-01 3.598162984519594829e+02
1.055924197456569458e-01 3.413805636091909719e+02
1.064650843716541118e-01 3.233980243872015308e+02
1.073377489976512639e-01 3.058796061651577247e+02
1.082104136236484299e-01 2.888362343222263462e+02
1.090830782496455958e-01 2.722788342375735056e+02
1.099557428756427618e-01 2.562183312903664500e+02
1.108284075016399278e-01 2.406656508597708353e+02
1.117010721276370938e-01 2.256317183249535674e+02
1.125737367536342598e-01 2.111274590650814389e+02
1.134464013796314258e-01 1.971637984593205601e+02
1.143190660056285918e-01 1.837516618868378373e+02
1.151917306316257578e-01 1.709019747267993807e+02
1.160643952576229238e-01 1.586256623583722103e+02
1.169370598836200759e-01 1.469336501607224363e+02
1.178097245096172418e-01 1.358368635130166240e+02
1.186823891356144078e-01 1.253462277944213383e+02
1.195550537616115738e-01 1.154726683841033719e+02
1.204277183876087398e-01 1.062271106612290623e+02
1.213003830136059058e-01 9.762048000496474742e+01
1.221730476396030718e-01 8.966370179447721966e+01
1.230457122656002378e-01 8.236770140893281678e+01
1.239183768915974038e-01 7.574340422749810386e+01
1.247910415175945698e-01 6.980173562934010079e+01
1.256637061435917357e-01 6.455362099362469053e+01
1.265363707695889017e-01 6.000998569951843820e+01
1.274090353955860677e-01 5.618175512618790890e+01
1.282817000215832337e-01 5.307985465279989512e+01
1.291543646475803997e-01 5.071520965852141671e+01
1.300270292735775657e-01 4.909874552251790192e+01
1.308996938995747317e-01 4.824138762395612190e+01
1.317723585255718977e-01 4.777104921687779893e+01
1.326450231515690359e-01 4.730830012503240312e+01
1.335176877775662019e-01 4.685305058214903084e+01
1.343903524035633679e-01 4.640521082195682823e+01
1.352630170295605339e-01 4.596469107818494138e+01
1.361356816555576998e-01 4.553140158456247377e+01
1.370083462815548658e-01 4.510525257481857153e+01
1.378810109075520318e-01 4.468615428268237366e+01
1.387536755335491978e-01 4.427401694188299075e+01
1.396263401595463638e-01 4.386875078614956891e+01
1.404990047855435298e-01 4.347026604921123294e+01
1.413716694115406958e-01 4.307847296479712185e+01
1.422443340375378618e-01 4.269328176663634622e+01
1.431169986635350277e-01 4.231460268845805928e+01
1.439896632895321937e-01 4.194234596399139292e+01
1.448623279155293597e-01 4.157642182696545774e+01
1.457349925415265257e-01 4.121674051110939985e+01
1.466076571675236917e-01 4.086321225015234404e+01
1.474803217935208577e-01 4.051574727782342222e+01
1.483529864195180237e-01 4.017425582785176630e+01
1.492256510455151897e-01 3.983864813396651527e+01
1.500983156715123557e-01 3.950883442989677974e+01
1.509709802975095216e-01 3.918472494937171291e+01
1.518436449235066876e-01 3.886622992612043248e+01
1.527163095495038259e-01 3.855325959387209167e+01
1.535889741755009918e-01 3.824572418635577975e+01
1.544616388014981578e-01 3.794353393730064994e+01
1.553343034274953238e-01 3.764659908043584124e+01
1.562069680534924898e-01 3.735482984949047136e+01
1.570796326794896558e-01 3.706813647819367219e+01
1.579522973054868218e-01 3.678642920027458985e+01
1.588249619314839878e-01 3.650961824946234202e+01
1.596976265574811538e-01 3.623761385948605351e+01
1.605702911834783198e-01 3.597032626407487044e+01
1.614429558094754857e-01 3.570766569695792469e+01
1.623156204354726517e-01 3.544954239186432687e+01
1.631882850614698177e-01 3.519586658252323019e+01
1.640609496874669837e-01 3.494654850266375234e+01
1.649336143134641497e-01 3.470149838601503234e+01
1.658062789394613157e-01 3.446062646630618787e+01
1.666789435654584817e-01 3.422384297726636504e+01
1.675516081914556477e-01 3.399105815262468866e+01
1.684242728174528136e-01 3.376218222611028352e+01
1.692969374434499796e-01 3.353712543145228864e+01
1.701696020694471456e-01 3.331579800237982880e+01
1.710422666954443116e-01 3.309811017262205013e+01
1.719149313214414776e-01 3.288397217590807031e+01
1.727875959474386158e-01 3.267329424596702125e+01
1.736602605734357818e-01 3.246598661652803486e+01
1.745329251994329478e-01 3.226195952132022882e+01
1.754055898254301138e-01 3.206112319407276345e+01
1.762782544514272798e-01 3.186338786851474936e+01
1.771509190774244458e-01 3.166866377837532198e+01
1.780235837034216118e-01 3.147686115738360613e+01
1.788962483294187777e-01 3.128789023926874080e+01
1.797689129554159437e-01 3.110166125775986146e+01
1.806415775814131097e-01 3.091808444658608224e+01
1.815142422074102757e-01 3.073707003947654925e+01
1.823869068334074417e-01 3.055852827016039086e+01
1.832595714594046077e-01 3.038236937236673185e+01
1.841322360854017737e-01 3.020850357982470769e+01
1.850049007113989397e-01 3.003684112626343961e+01
1.858775653373961056e-01 2.986729224541208083e+01
1.867502299633932716e-01 2.969976717099974550e+01
1.876228945893904376e-01 2.953417613675556197e+01
1.884955592153876036e-01 2.937042937640866569e+01
1.893682238413847696e-01 2.920843712368819567e+01
1.902408884673819356e-01 2.904810961232326605e+01
1.911135530933791016e-01 2.888935707604302650e+01
1.919862177193762676e-01 2.873208974857659825e+01
1.928588823453734336e-01 2.857621786365311323e+01
1.937315469713705718e-01 2.842165165500170332e+01
1.946042115973677378e-01 2.826830135635150043e+01
1.954768762233649038e-01 2.811607720143161515e+01
1.963495408493620697e-01 2.796488942397122202e+01
1.972222054753592357e-01 2.781464825769941029e+01
1.980948701013564017e-01 2.766526393634532610e+01
1.989675347273535677e-01 2.751664669363811555e+01
1.998401993533507337e-01 2.736870676330687502e+01
2.007128639793478997e-01 2.722135437908077193e+01
2.015855286053450657e-01 2.707449977468891333e+01
2.024581932313422317e-01 2.692805318386042757e+01
2.033308578573393977e-01 2.678192484032447851e+01
2.042035224833365636e-01 2.663602497781015188e+01
2.050761871093337296e-01 2.649026383004661511e+01
2.059488517353308956e-01 2.634455163076299300e+01
2.068215163613280616e-01 2.619879861368838903e+01
2.076941809873252276e-01 2.605291501255196707e+01
2.085668456133223936e-01 2.590681106108284482e+01
2.094395102393195596e-01 2.576039699301013997e+01
2.103121748653167256e-01 2.561358304206300573e+01
2.111848394913138915e-01 2.546627944197056337e+01
2.120575041173110575e-01 2.531839642646194477e+01
2.129301687433082235e-01 2.516984422926628184e+01
2.138028333693053618e-01 2.502053308411269938e+01
2.146754979953025277e-01 2.487037322473033640e+01
2.155481626212996937e-01 2.471927488484831414e+01
2.164208272472968597e-01 2.456714829819577517e+01
2.172934918732940257e-01 2.441390369850184783e+01
2.181661564992911917e-01 2.425945131949565692e+01
2.190388211252883577e-01 2.410403636026294905e+01
2.199114857512855237e-01 2.394799350700786889e+01
2.207841503772826897e-01 2.379136722413715432e+01
2.216568150032798556e-01 2.363420197605753970e+01
2.225294796292770216e-01 2.347654222717574513e+01
2.234021442552741876e-01 2.331843244189851205e+01
2.242748088812713536e-01 2.315991708463257837e+01
2.251474735072685196e-01 2.300104061978466419e+01
2.260201381332656856e-01 2.284184751176151096e+01
2.268928027592628516e-01 2.268238222496984946e+01
2.277654673852600176e-01 2.252268922381641048e+01
2.286381320112571836e-01 2.236281297270792479e+01
2.295107966372543495e-01 2.220279793605112673e+01
2.303834612632515155e-01 2.204268857825275418e+01
2.312561258892486815e-01 2.188252936371953439e+01
2.321287905152458475e-01 2.172236475685819812e+01
2.330014551412430135e-01 2.156223922207548327e+01
2.338741197672401517e-01 2.140219722377812417e+01
2.347467843932373177e-01 2.124228322637284450e+01
2.356194490192344837e-01 2.108254169426637858e+01
2.364921136452316497e-01 2.092301709186546432e+01
2.373647782712288157e-01 2.076375388357682894e+01
2.382374428972259817e-01 2.060479653380720677e+01
2.391101075232231477e-01 2.044618950696333926e+01
2.399827721492203136e-01 2.028797726745194296e+01
2.408554367752174796e-01 2.013020427967976289e+01
2.417281014012146456e-01 1.997291500805352982e+01
2.426007660272118116e-01 1.981615391697996387e+01
2.434734306532089776e-01 1.965996547086581714e+01
2.443460952792061436e-01 1.950439413411780620e+01
2.452187599052033096e-01 1.934948437114266895e+01
2.460914245312004756e-01 1.919528064634714681e+01
2.469640891571976415e-01 1.904182742413795992e+01
2.478367537831948075e-01 1.888916916892184616e+01
2.487094184091919735e-01 1.873735034510553632e+01
2.495820830351891395e-01 1.858641541709576472e+01
2.504547476611863055e-01 1.843640884929926216e+01
2.513274122871834715e-01 1.828737510612276296e+01
2.522000769131806375e-01 1.813935865197300146e+01
2.530727415391778035e-01 1.799240395125670489e+01
2.539454061651749694e-01 1.784655546838061113e+01
2.548180707911721354e-01 1.770185766775145098e+01
2.556907354171693014e-01 1.755835501377595165e+01
2.565634000431664674e-01 1.741609197086085459e+01
2.574360646691636334e-01 1.727511300341288347e+01
2.583087292951607994e-01 1.713546257583877974e+01
2.591813939211579654e-01 1.699718515254527418e+01
2.600540585471551314e-01 1.686032519793909401e+01
2.609267231731522974e-01 1.672492717642697713e+01
2.617993877991494633e-01 1.659103555241564720e+01
2.626720524251466293e-01 1.645869479031184923e+01
2.635447170511437953e-01 1.632794935452230689e+01
2.644173816771409058e-01 1.619884370945376872e+01
2.652900463031380718e-01 1.607142231951294065e+01
2.661627109291352378e-01 1.594572964910657120e+01
2.670353755551324038e-01 1.582181016264138940e+01
2.679080401811295697e-01 1.569970832452413134e+01
2.687807048071267357e-01 1.557946859916152782e+01
2.696533694331239017e-01 1.546113545096030961e+01
2.705260340591210677e-01 1.534475334432720928e+01
2.713986986851182337e-01 1.523036674366896293e+01
2.722713633111153997e-01 1.511802011339230134e+01
2.731440279371125657e-01 1.500775791790395353e+01
2.740166925631097317e-01 1.489962462161065915e+01
2.748893571891068976e-01 1.479366468891914366e+01
2.757620218151040636e-01 1.468992258423614494e+01
2.766346864411012296e-01 1.458844277196839379e+01
2.775073510670983956e-01 1.448926971652262097e+01
2.783800156930955616e-01 1.439244788230556082e+01
2.792526803190927276e-01 1.429802173372394591e+01
2.801253449450898936e-01 1.420603573518450702e+01
2.809980095710870596e-01 1.411653435109397847e+01
2.818706741970842256e-01 1.402956204585909461e+01
2.827433388230813915e-01 1.394516328388658444e+01
2.836160034490785575e-01 1.386338252958318584e+01
2.844886680750757235e-01 1.378426424735562250e+01
2.853613327010728895e-01 1.370785290161063408e+01
2.862339973270700555e-01 1.363419295675495135e+01
2.871066619530672215e-01 1.356332887719530689e+01
2.879793265790643875e-01 1.349530512733843324e+01
2.888519912050615535e-01 1.343016617159106119e+01
2.897246558310587194e-01 1.336795647435992684e+01
2.905973204570558854e-01 1.330872050005175922e+01
2.914699850830530514e-01 1.325250271307329442e+01
2.923426497090502174e-01 1.319934757783126145e+01
2.932153143350473834e-01 1.314929955873239464e+01
2.940879789610445494e-01 1.310240312018342834e+01
2.949606435870417154e-01 1.305870272659108977e+01
2.958333082130388814e-01 1.301824284236212037e+01
2.967059728390360474e-01 1.298106793190324382e+01
2.975786374650332133e-01 1.294722245962119622e+01
2.984513020910303793e-01 1.291675088992271014e+01
2.993239667170275453e-01 1.288969768721451814e+01
3.001966313430247113e-01 1.286610731590335277e+01
3.010692959690218773e-01 1.284602424039594482e+01
3.019419605950190433e-01 1.282949292509903394e+01
3.028146252210162093e-01 1.281655783441934204e+01
3.036872898470133753e-01 1.280726343276360879e+01
3.045599544730105412e-01 1.280165418453856674e+01
3.054326190990076517e-01 1.279977455415094489e+01
3.063052837250048177e-01 1.279991564993652275e+01
3.071779483510019837e-01 1.280033651221081392e+01
3.080506129769991497e-01 1.280103350335016188e+01
3.089232776029963157e-01 1.280200298573091011e+01
3.097959422289934817e-01 1.280324132172940033e+01
3.106686068549906476e-01 1.280474487372197778e+01
3.115412714809878136e-01 1.280651000408497886e+01
3.124139361069849796e-01 1.280853307519475059e+01
3.132866007329821456e-01 1.281081044942763292e+01
3.141592653589793116e-01 1.281333848915997109e+01
3.150319299849764776e-01 1.281611355676810327e+01
3.159045946109736436e-01 1.281913201462837648e+01
3.167772592369708096e-01 1.282239022511712889e+01
3.176499238629679756e-01 1.282588455061070576e+01
3.185225884889651415e-01 1.282961135348544879e+01
3.193952531149623075e-01 1.283356699611769969e+01
3.202679177409594735e-01 1.283774784088380372e+01
3.211405823669566395e-01 1.284215025016009903e+01
3.220132469929538055e-01 1.284677058632292912e+01
3.228859116189509715e-01 1.285160521174863746e+01
3.237585762449481375e-01 1.285665048881356576e+01
3.246312408709453035e-01 1.286190277989405750e+01
3.255039054969424694e-01 1.286735844736645440e+01
3.263765701229396354e-01 1.287301385360709816e+01
3.272492347489368014e-01 1.287886536099233226e+01
3.281218993749339674e-01 1.288490933189849663e+01
3.289945640009311334e-01 1.289114212870193832e+01
3.298672286269282994e-01 1.289756011377899370e+01
3.307398932529254654e-01 1.290415964950601158e+01
3.316125578789226314e-01 1.291093709825932834e+01
3.324852225049197973e-01 1.291788882241529102e+01
3.333578871309169633e-01 1.292501118435024132e+01
3.342305517569141293e-01 1.293230054644051918e+01
3.351032163829112953e-01 1.293975327106246986e+01
3.359758810089084613e-01 1.294736572059243152e+01
3.368485456349056273e-01 1.295513425740674940e+01
3.377212102609027933e-01 1.296305524388176877e+01
3.385938748868999593e-01 1.297112504239382424e+01
3.394665395128971253e-01 1.297934001531926640e+01
3.403392041388942912e-01 1.298769652503443517e+01
3.412118687648914572e-01 1.299619093391566871e+01
3.420845333908886232e-01 1.300481960433931405e+01
3.429571980168857892e-01 1.301357889868171114e+01
3.438298626428829552e-01 1.302246517931920344e+01
3.447025272688801212e-01 1.303147480862813445e+01
3.455751918948772317e-01 1.304060414898484588e+01
3.464478565208743976e-01 1.304984956276567765e+01
3.473205211468715636e-01 1.305920741234697502e+01
3.481931857728687296e-01 1.306867406010507970e+01
3.490658503988658956e-01 1.307824586841633341e+01
3.499385150248630616e-01 1.308791919965707784e+01
3.508111796508602276e-01 1.309769041620366004e+01
3.516838442768573936e-01 1.310755588043241460e+01
3.525565089028545596e-01 1.311751195471969034e+01
3.534291735288517255e-01 1.312755500144182719e+01
3.543018381548488915e-01 1.313768138297516685e+01
3.551745027808460575e-01 1.314788746169605460e+01
3.560471674068432235e-01 1.315816959998083036e+01
3.569198320328403895e-01 1.316852416020583583e+01
3.577924966588375555e-01 1.317894750474741627e+01
3.586651612848347215e-01 1.318943599598190985e+01
3.595378259108318875e-01 1.319998599628566183e+01
3.604104905368290535e-01 1.321059386803501745e+01
3.612831551628262194e-01 1.322125597360631311e+01
3.621558197888233854e-01 1.323196867537589405e+01
3.630284844148205514e-01 1.324272833572010377e+01
3.639011490408177174e-01 1.325353131701528220e+01
3.647738136668148834e-01 1.326437398163777281e+01
3.656464782928120494e-01 1.327525269196392088e+01
3.665191429188092154e-01 1.328616381037006278e+01
3.673918075448063814e-01 1.329710369923254554e+01
3.682644721708035473e-01 1.330806872092770909e+01
3.691371367968007133e-01 1.331905523783189871e+01
3.700098014227978793e-01 1.333005961232145431e+01
3.708824660487950453e-01 1.334107820677271938e+01
3.717551306747922113e-01 1.335210738356203564e+01
3.726277953007893773e-01 1.336314350506574478e+01
3.735004599267865433e-01 1.337418293366019206e+01
3.743731245527837093e-01 1.338522203172171565e+01
3.752457891787808753e-01 1.339625716162666258e+01
3.761184538047780412e-01 1.340728468575137100e+01
3.769911184307752072e-01 1.341830096647218618e+01
3.778637830567723732e-01 1.342930236616544981e+01
3.787364476827695392e-01 1.344028524720750362e+01
3.796091123087667052e-01 1.345124597197468930e+01
3.804817769347638712e-01 1.346218090284335211e+01
3.813544415607610372e-01 1.347308640218983022e+01
3.822271061867582032e-01 1.348395883239047066e+01
3.830997708127553691e-01 1.349479455582161158e+01
3.839724354387525351e-01 1.350558993485959824e+01
3.848451000647497011e-01 1.351634133188077413e+01
3.857177646907468671e-01 1.352704510926147741e+01
3.865904293167439776e-01 1.353769762937805154e+01
3.874630939427411436e-01 1.354829525460684181e+01
3.883357585687383096e-01 1.355883434732418813e+01
3.892084231947354755e-01 1.356931126990643399e+01
3.900810878207326415e-01 1.357972238472992110e+01
3.909537524467298075e-01 1.359006405417099117e+01
3.918264170727269735e-01 1.360033264060598945e+01
3.926990816987241395e-01 1.361052450641125589e+01
3.935717463247213055e-01 1.362087934538781830e+01
3.944444109507184715e-01 1.363163247621800700e+01
3.953170755767156375e-01 1.364277369860012712e+01
3.961897402027128035e-01 1.365429281223248381e+01
3.970624048287099694e-01 1.366617961681337867e+01
3.979350694547071354e-01 1.367842391204111685e+01
3.988077340807043014e-01 1.369101549761400172e+01
3.996803987067014674e-01 1.370394417323033665e+01
4.005530633326986334e-01 1.371719973858842501e+01
4.014257279586957994e-01 1.373077199338657017e+01
4.022983925846929654e-01 1.374465073732307907e+01
4.031710572106901314e-01 1.375882577009625152e+01
4.040437218366872973e-01 1.377328689140439089e+01
4.049163864626844633e-01 1.378802390094580410e+01
4.057890510886816293e-01 1.380302659841879098e+01
4.066617157146787953e-01 1.381828478352166023e+01
4.075343803406759613e-01 1.383378825595271167e+01
4.084070449666731273e-01 1.384952681541025044e+01
4.092797095926702933e-01 1.386549026159257991e+01
4.101523742186674593e-01 1.388166839419800347e+01
4.110250388446646252e-01 1.389805101292482448e+01
4.118977034706617912e-01 1.391462791747134631e+01
4.127703680966589572e-01 1.393138890753587589e+01
4.136430327226561232e-01 1.394832378281671126e+01
4.145156973486532892e-01 1.396542234301216112e+01
4.153883619746504552e-01 1.398267438782052707e+01
4.162610266006476212e-01 1.400006971694011249e+01
4.171336912266447872e-01 1.401759813006922073e+01
4.180063558526419532e-01 1.403524942690615873e+01
4.188790204786391191e-01 1.405301340714922631e+01
4.197516851046362851e-01 1.407087987049673039e+01
4.206243497306334511e-01 1.408883861664697079e+01
4.214970143566306171e-01 1.410687944529825266e+01
4.223696789826277831e-01 1.412499215614888115e+01
4.232423436086249491e-01 1.414316654889715785e+01
4.241150082346221151e-01 1.416139242324139147e+01
4.249876728606192811e-01 1.417965957887987827e+01
4.258603374866164470e-01 1.419795781551092695e+01
4.267330021126135575e-01 1.421627693283283733e+01
4.276056667386107235e-01 1.423460673054391812e+01
4.284783313646078895e-01 1.425293700834246735e+01
4.293509959906050555e-01 1.427125756592679551e+01
4.302236606166022215e-01 1.428955820299520241e+01
4.310963252425993875e-01 1.430782871924598965e+01
4.319689898685965534e-01 1.432605891437746237e+01
4.328416544945937194e-01 1.434423858808792396e+01
4.337143191205908854e-01 1.436235754007568310e+01
4.345869837465880514e-01 1.438040557003903785e+01
4.354596483725852174e-01 1.439837247767629336e+01
4.363323129985823834e-01 1.441624806268575298e+01
4.372049776245795494e-01 1.443402212476572011e+01
4.380776422505767154e-01 1.445168446361450165e+01
4.389503068765738814e-01 1.446922487893039566e+01
4.398229715025710473e-01 1.448663317041170906e+01
4.406956361285682133e-01 1.450389913775674700e+01
4.415683007545653793e-01 1.452101258066381106e+01
4.424409653805625453e-01 1.453796329883120642e+01
4.433136300065597113e-01 1.455474109195723287e+01
4.441862946325568773e-01 1.457133575974019912e+01
4.450589592585540433e-01 1.458773710187840678e+01
4.459316238845512093e-01 1.460393491807015742e+01
4.468042885105483752e-01 1.461991900801375799e+01
4.476769531365455412e-01 1.463567917140751184e+01
4.485496177625427072e-01 1.465120520794971881e+01
4.494222823885398732e-01 1.466648691733868759e+01
4.502949470145370392e-01 1.468151409927271978e+01
4.511676116405342052e-01 1.469627655345011874e+01
4.520402762665313712e-01 1.471076407956918786e+01
4.529129408925285372e-01 1.472496647732823050e+01
4.537856055185257032e-01 1.473887354642555181e+01
4.546582701445228691e-01 1.475247508655945516e+01
4.555309347705200351e-01 1.476576089742824571e+01
4.564035993965172011e-01 1.477872077873022327e+01
4.572762640225143671e-01 1.479134453016369299e+01
4.581489286485115331e-01 1.480362195142696002e+01
4.590215932745086991e-01 1.481554284221832596e+01
4.598942579005058651e-01 1.482709700223609950e+01
4.607669225265030311e-01 1.483827423117857691e+01
4.616395871525001970e-01 1.484906432874406335e+01
4.625122517784973630e-01 1.485945709463086750e+01
4.633849164044945290e-01 1.486944232853729098e+01
4.642575810304916950e-01 1.487900983016163714e+01
4.651302456564888610e-01 1.488814939920220581e+01
4.660029102824860270e-01 1.489685083535730747e+01
4.668755749084831930e-01 1.490510393832524016e+01
4.677482395344803034e-01 1.491289850780430726e+01
4.686209041604774694e-01 1.492022434349281745e+01
4.694935687864746354e-01 1.492707124508907590e+01
4.703662334124718014e-01 1.493342901229137709e+01
4.712388980384689674e-01 1.493928744479803150e+01
4.721115626644661334e-01 1.494463634230734073e+01
4.729842272904632994e-01 1.494946550451760636e+01
4.738568919164604654e-01 1.495376473112713711e+01
4.747295565424576314e-01 1.495752382183423457e+01
4.756022211684547973e-01 1.496073257633719855e+01
4.764748857944519633e-01 1.496338079433434132e+01
4.773475504204491293e-01 1.496545827552395735e+01
4.782202150464462953e-01 1.496695481960435892e+01
4.790928796724434613e-01 1.496786022627383872e+01
4.799655442984406273e-01 1.496816429523071079e+01
4.808382089244377933e-01 1.496788203850861620e+01
4.817108735504349593e-01 1.496703953765901574e+01
4.825835381764321252e-01 1.496564319665693255e+01
4.834562028024292912e-01 1.496369941947738802e+01
4.843288674284264572e-01 1.496121461009540710e+01
4.852015320544236232e-01 1.495819517248601116e+01
4.860741966804207892e-01 1.495464751062422692e+01
4.869468613064179552e-01 1.495057802848507578e+01
4.878195259324151212e-01 1.494599313004357910e+01
4.886921905584122872e-01 1.494089921927476183e+01
4.895648551844094531e-01 1.493530270015364714e+01
4.904375198104066191e-01 1.492920997665525817e+01
4.913101844364037851e-01 1.492262745275461988e+01
4.921828490624009511e-01 1.491556153242675187e+01
4.930555136883981171e-01 1.490801861964667907e+01
4.939281783143952831e-01 1.490000511838942643e+01
4.948008429403924491e-01 1.489152743263001533e+01
4.956735075663896151e-01 1.488259196634346893e+01
4.965461721923867811e-01 1.487320512350481039e+01
4.974188368183839470e-01 1.486337330808906287e+01
4.982915014443811130e-01 1.485310292407125132e+01
4.991641660703782790e-01 1.484240037542639712e+01
5.000368306963753895e-01 1.483127206612952698e+01
5.009094953223726110e-01 1.481972440015565695e+01
5.017821599483697215e-01 1.480776378147981731e+01
5.026548245743669430e-01 1.479539661407702589e+01
5.035274892003640534e-01 1.478262930192231117e+01
5.044001538263612749e-01 1.476946824899069100e+01
5.052728184523583854e-01 1.475591985925719385e+01
5.061454830783556069e-01 1.474199053669683934e+01
5.070181477043527174e-01 1.472768668528465419e+01
5.078908123303499389e-01 1.471301470899565444e+01
5.087634769563470494e-01 1.469798101180487215e+01
5.096361415823442709e-01 1.468259199768732515e+01
5.105088062083413813e-01 1.466685407061803836e+01
5.113814708343386028e-01 1.465077363457203496e+01
5.122541354603357133e-01 1.463435709352433811e+01
5.131268000863329348e-01 1.461761085144996741e+01
5.139994647123300453e-01 1.460054131232395491e+01
5.148721293383272668e-01 1.458315488012131489e+01
5.157447939643243773e-01 1.456545795881707583e+01
5.166174585903215988e-01 1.454745695238625558e+01
5.174901232163187093e-01 1.452915826480388617e+01
5.183627878423159308e-01 1.451056830004498011e+01
5.192354524683130412e-01 1.449169346208456943e+01
5.201081170943102627e-01 1.447254015489767198e+01
5.209807817203073732e-01 1.445311478245931802e+01
5.218534463463045947e-01 1.443342374874452005e+01
5.227261109723017052e-01 1.441347345772831012e+01
5.235987755982989267e-01 1.439327031338570784e+01
5.244714402242960372e-01 1.437282071969173813e+01
5.253441048502932587e-01 1.435213108062142062e+01
5.262167694762903691e-01 1.433120780014978379e+01
5.270894341022875906e-01 1.431005728225184548e+01
5.279620987282847011e-01 1.428868593090263417e+01
5.288347633542818116e-01 1.426710015007716947e+01
5.297074279802790331e-01 1.424530634375047278e+01
5.305800926062761436e-01 1.422331091589757435e+01
5.314527572322733651e-01 1.420112027049349024e+01
5.323254218582704755e-01 1.417874081151324894e+01
5.331980864842676970e-01 1.415617894293186652e+01
5.340707511102648075e-01 1.413344106872437678e+01
5.349434157362620290e-01 1.411053359286579223e+01
5.358160803622591395e-01 1.408746291933114669e+01
5.366887449882563610e-01 1.406423545209545090e+01
5.375614096142534715e-01 1.404085759513374043e+01
5.384340742402506930e-01 1.401733575242102958e+01
5.393067388662478034e-01 1.399367632793234684e+01
5.401794034922450249e-01 1.396988572564271180e+01
5.410520681182421354e-01 1.394597034952715298e+01
5.419247327442393569e-01 1.392193660356068641e+01
5.427973973702364674e-01 1.389779089171834237e+01
5.436700619962336889e-01 1.387353961797513513e+01
5.445427266222307994e-01 1.384918918630609852e+01
5.454153912482280209e-01 1.382474600068624859e+01
5.462880558742251313e-01 1.380021646509061206e+01
5.471607205002223528e-01 1.377560698349420854e+01
5.480333851262194633e-01 1.375092395987206650e+01
5.489060497522166848e-01 1.372617379819920380e+01
5.497787143782137953e-01 1.370136290245064892e+01
5.506513790042110168e-01 1.367649767660141791e+01
5.515240436302081273e-01 1.365158452462654104e+01
5.523967082562053488e-01 1.362662985050103615e+01
5.532693728822024593e-01 1.360164005819993349e+01
5.541420375081996808e-01 1.357662155169824558e+01
5.550147021341967912e-01 1.355158073497100801e+01
5.558873667601940127e-01 1.352652401199323329e+01
5.567600313861911232e-01 1.350145778673995345e+01
5.576326960121883447e-01 1.347638846318618455e+01
5.585053606381854552e-01 1.345132244530695509e+01
5.593780252641826767e-01 1.342626613707728289e+01
5.602506898901797872e-01 1.340122594247219823e+01
5.611233545161770087e-01 1.337620826546671537e+01
5.619960191421741191e-01 1.335121951003586638e+01
5.628686837681713406e-01 1.332626608015466907e+01
5.637413483941684511e-01 1.330135437979815016e+01
5.646140130201656726e-01 1.327649081294132927e+01
5.654866776461627831e-01 1.325168178355923132e+01
5.663593422721600046e-01 1.322693369562687948e+01
5.672320068981571151e-01 1.320225295311929692e+01
5.681046715241543366e-01 1.317727751120375324e+01
5.689773361501514470e-01 1.315164789218181696e+01
5.698500007761485575e-01 1.312537435072995073e+01
5.707226654021457790e-01 1.309846714152461722e+01
5.715953300281428895e-01 1.307093651924229150e+01
5.724679946541401110e-01 1.304279273855943089e+01
5.733406592801372215e-01 1.301404605415250693e+01
5.742133239061344430e-01 1.298470672069798404e+01
5.750859885321315534e-01 1.295478499287233021e+01
5.759586531581287749e-01 1.292429112535200453e+01
5.768313177841258854e-01 1.289323537281348386e+01
5.777039824101231069e-01 1.286162798993322198e+01
5.785766470361202174e-01 1.282947923138770108e+01
5.794493116621174389e-01 1.279679935185336959e+01
5.803219762881145494e-01 1.276359860600670615e+01
5.811946409141117709e-01 1.272988724852416986e+01
5.820673055401088813e-01 1.269567553408223226e+01
5.829399701661061028e-01 1.266097371735735422e+01
5.838126347921032133e-01 1.262579205302600549e+01
5.846852994181004348e-01 1.259014079576464873e+01
5.855579640440975453e-01 1.255403020024975724e+01
5.864306286700947668e-01 1.251747052115778658e+01
5.873032932960918773e-01 1.248047201316521182e+01
5.881759579220890988e-01 1.244304493094849384e+01
5.890486225480862092e-01 1.240519952918410240e+01
5.899212871740834307e-01 1.236694606254849838e+01
5.907939518000805412e-01 1.232829478571815507e+01
5.916666164260777627e-01 1.228925595336953158e+01
5.925392810520748732e-01 1.224983982017909945e+01
5.934119456780720947e-01 1.221005664082331776e+01
5.942846103040692052e-01 1.216991666997866517e+01
5.951572749300664267e-01 1.212943016232159010e+01
5.960299395560635372e-01 1.208860737252857476e+01
5.969026041820607587e-01 1.204745855527607645e+01
5.977752688080578691e-01 1.200599396524056850e+01
5.986479334340550906e-01 1.196422385709850644e+01
5.995205980600522011e-01 1.192215848552636537e+01
6.003932626860494226e-01 1.187980810520060437e+01
6.012659273120465331e-01 1.183718297079769677e+01
6.021385919380437546e-01 1.179429333699409987e+01
6.030112565640408651e-01 1.175114945846629233e+01
6.038839211900380866e-01 1.170776158989072613e+01
6.047565858160351970e-01 1.166413998594387813e+01
6.056292504420324185e-01 1.162029490130220921e+01
6.065019150680295290e-01 1.157623659064218913e+01
6.073745796940267505e-01 1.153197530864027698e+01
6.082472443200238610e-01 1.148752130997294785e+01
6.091199089460210825e-01 1.144288484931666083e+01
6.099925735720181930e-01 1.139807618134788569e+01
6.108652381980153034e-01 1.135310556074308863e+01
6.117379028240125249e-01 1.130798324217873052e+01
6.126105674500096354e-01 1.126271948033128467e+01
6.134832320760068569e-01 1.121732452987720841e+01
6.143558967020039674e-01 1.117180864549298214e+01
6.152285613280011889e-01 1.112618208185505431e+01
6.161012259539982994e-01 1.108045509363990888e+01
6.169738905799955209e-01 1.103463793552399252e+01
6.178465552059926313e-01 1.098874086218378920e+01
6.187192198319898528e-01 1.094277412829575447e+01
6.195918844579869633e-01 1.089674798853635984e+01
6.204645490839841848e-01 1.085067269758206443e+01
6.213372137099812953e-01 1.080455851010934509e+01
6.222098783359785168e-01 1.075841568079465382e+01
6.230825429619756273e-01 1.071225446431447281e+01
6.239552075879728488e-01 1.066608511534525228e+01
6.248278722139699592e-01 1.061991788856347441e+01
6.257005368399671807e-01 1.057376303864558764e+01
6.265732014659642912e-01 1.052763082026807417e+01
6.274458660919615127e-01 1.048153148810738777e+01
6.283185307179586232e-01 1.043547529684000530e+01
6.291911953439558447e-01 1.038947250114238408e+01
6.300638599699529552e-01 1.034353335569099563e+01
6.309365245959501767e-01 1.029766811516229907e+01
6.318091892219472872e-01 1.025188703423277481e+01
6.326818538479445087e-01 1.020620036757886773e+01
6.335545184739416191e-01 1.016061836987706712e+01
6.344271830999388406e-01 1.011515129580381789e+01
6.352998477259359511e-01 1.006980940003560399e+01
6.361725123519331726e-01 1.002460293724887741e+01
6.370451769779302831e-01 9.979542162120113247e+00
6.379178416039275046e-01 9.934637329325774147e+00
6.387905062299246151e-01 9.889898693542328090e+00
6.396631708559218366e-01 9.845336509446234174e+00
6.405358354819189470e-01 9.800961031713971039e+00
6.414085001079161685e-01 9.756782515021992452e+00
6.422811647339132790e-01 9.712811214046777053e+00
6.431538293599105005e-01 9.669057383464775057e+00
6.440264939859076110e-01 9.625531277952466880e+00
6.448991586119048325e-01 9.582243152186308066e+00
6.457718232379019430e-01 9.539203260842775478e+00
6.466444878638991645e-01 9.496421858598322885e+00
6.475171524898962749e-01 9.453909200129428925e+00
6.483898171158934964e-01 9.411675540112547367e+00
6.492624817418906069e-01 9.369731133224156849e+00
6.501351463678877174e-01 9.328086234140714694e+00
6.510078109938849389e-01 9.286751097538687105e+00
6.518804756198820494e-01 9.245735978094547391e+00
6.527531402458792709e-01 9.205051130484747546e+00
6.536258048718763813e-01 9.164706809385771535e+00
6.544984694978736028e-01 9.124713269474071353e+00
6.553711341238707133e-01 9.084850452431769696e+00
6.562437987498679348e-01 9.044893776635927196e+00
6.571164633758650453e-01 9.004846711805464921e+00
6.579891280018622668e-01 8.964712727659275515e+00
6.588617926278593773e-01 8.924495293916281824e+00
6.597344572538565988e-01 8.884197880295376493e+00
6.606071218798537092e-01 8.843823956515480589e+00
6.614797865058509307e-01 8.803376992295490311e+00
6.623524511318480412e-01 8.762860457354323174e+00
6.632251157578452627e-01 8.722277821410873599e+00
6.640977803838423732e-01 8.681632554184064432e+00
6.649704450098395947e-01 8.640928125392791870e+00
6.658431096358367052e-01 8.600168004755971651e+00
6.667157742618339267e-01 8.559355661992498199e+00
6.675884388878310371e-01 8.518494566821296132e+00
6.684611035138282586e-01 8.477588188961258098e+00
6.693337681398253691e-01 8.436639998131303386e+00
6.702064327658225906e-01 8.395653464050328196e+00
6.710790973918197011e-01 8.354632056437248266e+00
6.719517620178169226e-01 8.313579245010966901e+00
6.728244266438140331e-01 8.272498499490398061e+00
6.736970912698112546e-01 8.231393289594436169e+00
6.745697558958083651e-01 8.190267085042002293e+00
6.754424205218055866e-01 8.149123355551994408e+00
6.763150851478026970e-01 8.107965570843328251e+00
6.771877497737999185e-01 8.066797200634901799e+00
6.780604143997970290e-01 8.025621714645634341e+00
6.789330790257942505e-01 7.984442582594416749e+00
6.798057436517913610e-01 7.943263274200175417e+00
6.806784082777885825e-01 7.902087259181802992e+00
6.815510729037856930e-01 7.860918007258216988e+00
6.824237375297829145e-01 7.819758988148316270e+00
6.832964021557800249e-01 7.778613671571016575e+00
6.841690667817772464e-01 7.737485527245216765e+00
6.850417314077743569e-01 7.696378024889833469e+00
6.859143960337715784e-01 7.655294634223764660e+00
6.867870606597686889e-01 7.614238824965926966e+00
6.876597252857659104e-01 7.573214066835219249e+00
6.885323899117630209e-01 7.532223829550557248e+00
6.894050545377602424e-01 7.491271582830840714e+00
6.902777191637573528e-01 7.450360796394985385e+00
6.911503837897544633e-01 7.409494939961893678e+00
6.920230484157516848e-01 7.368677483250468896e+00
6.928957130417487953e-01 7.327911895979626777e+00
6.937683776677460168e-01 7.287201647868267074e+00
6.946410422937431273e-01 7.246550208635306412e+00
6.955137069197403488e-01 7.205961047999641877e+00
6.963863715457374592e-01 7.165437635680190098e+00
6.972590361717346807e-01 7.124983441395850825e+00
6.981317007977317912e-01 7.084601934865540684e+00
6.990043654237290127e-01 7.044296585808155875e+00
6.998770300497261232e-01 7.004070863942613911e+00
7.007496946757233447e-01 6.963928238987812769e+00
7.016223593017204552e-01 6.923872180662671738e+00
7.024950239277176767e-01 6.883906158686087018e+00
7.033676885537147871e-01 6.844033642776974347e+00
7.042403531797120086e-01 6.804258102654232587e+00
7.051130178057091191e-01 6.764583008036779255e+00
7.059856824317063406e-01 6.725011828643512324e+00
7.068583470577034511e-01 6.685548034193348421e+00
7.077310116837006726e-01 6.646195094405184634e+00
7.086036763096977831e-01 6.606956478997940252e+00
7.094763409356950046e-01 6.567835657690509699e+00
7.103490055616921151e-01 6.528836100201813153e+00
7.112216701876893366e-01 6.489961276250747702e+00
7.120943348136864470e-01 6.451214655556229083e+00
7.129669994396836685e-01 6.412599707837156160e+00
7.138396640656807790e-01 6.374119902812446448e+00
7.147123286916780005e-01 6.335778710200997033e+00
7.155849933176751110e-01 6.297579599721726318e+00
7.164576579436723325e-01 6.259526041093530502e+00
7.173303225696694430e-01 6.221621504035325323e+00
7.182029871956666645e-01 6.183869458266012309e+00
7.190756518216637749e-01 6.146273373504507198e+00
7.199483164476609964e-01 6.108836719469706189e+00
7.208209810736581069e-01 6.071562965880527685e+00
7.216936456996553284e-01 6.034455582455870548e+00
7.225663103256524389e-01 5.997518038914648741e+00
7.234389749516496604e-01 5.960753804975762904e+00
7.243116395776467709e-01 5.924166350358130551e+00
7.251843042036439924e-01 5.887759144780646103e+00
7.260569688296411028e-01 5.851535657962229742e+00
7.269296334556383243e-01 5.815499359621777664e+00
7.278022980816354348e-01 5.779653719478209162e+00
7.286749627076326563e-01 5.744002207250419545e+00
7.295476273336297668e-01 5.708548292657326328e+00
7.304202919596269883e-01 5.673295445417827487e+00
7.312929565856240988e-01 5.638247135250842312e+00
7.321656212116212092e-01 5.603406831875269667e+00
7.330382858376184307e-01 5.568778005010015519e+00
7.339109504636155412e-01 5.534364124373994720e+00
7.347836150896127627e-01 5.500168659686106132e+00
7.356562797156098732e-01 5.466195080665267270e+00
7.365289443416070947e-01 5.432446857030375220e+00
7.374016089676042052e-01 5.398927458500346610e+00
7.382742735936014267e-01 5.365640354794081190e+00
7.391469382195985371e-01 5.332589015630492035e+00
7.400196028455957586e-01 5.299776910728482449e+00
7.408922674715928691e-01 5.267207509806965504e+00
7.417649320975900906e-01 5.234884282584840065e+00
7.426375967235872011e-01 5.202727352970089036e+00
7.435102613495844226e-01 5.170654743980082735e+00
7.443829259755815331e-01 5.138666773997850434e+00
7.452555906015787546e-01 5.106763761406401869e+00
7.461282552275758650e-01 5.074946024588767202e+00
7.470009198535730865e-01 5.043213881927954390e+00
7.478735844795701970e-01 5.011567651806991819e+00
7.487462491055674185e-01 4.980007652608891888e+00
7.496189137315645290e-01 4.948534202716680319e+00
7.504915783575617505e-01 4.917147620513370398e+00
7.513642429835588610e-01 4.885848224381986959e+00
7.522369076095560825e-01 4.854636332705543289e+00
7.531095722355531930e-01 4.823512263867065109e+00
7.539822368615504145e-01 4.792476336249565705e+00
7.548549014875475249e-01 4.761528868236070799e+00
7.557275661135447464e-01 4.730670178209591903e+00
7.566002307395418569e-01 4.699900584553155625e+00
7.574728953655390784e-01 4.669220405649776140e+00
7.583455599915361889e-01 4.638629959882477394e+00
7.592182246175334104e-01 4.608129565634274449e+00
7.600908892435305209e-01 4.577719541288190364e+00
7.609635538695277424e-01 4.547400205227238423e+00
7.618362184955248528e-01 4.517171875834446126e+00
7.627088831215220743e-01 4.487034871492824095e+00
7.635815477475191848e-01 4.456989510585400716e+00
7.644542123735164063e-01 4.427036111495186610e+00
7.653268769995135168e-01 4.397174992605208388e+00
7.661995416255107383e-01 4.367406472298480224e+00
7.670722062515078488e-01 4.337730868958025177e+00
7.679448708775050703e-01 4.308148500966858307e+00
7.688175355035021807e-01 4.278659686708003562e+00
7.696902001294994022e-01 4.249264744564474228e+00
7.705628647554965127e-01 4.219963992919298690e+00
7.714355293814937342e-01 4.190757750155485795e+00
7.723081940074908447e-01 4.161646334656063928e+00
7.731808586334879552e-01 4.132630064804049930e+00
7.740535232594851767e-01 4.103709258982456198e+00
7.749261878854822871e-01 4.074884235574311120e+00
7.757988525114795086e-01 4.046155312962627981e+00
7.766715171374766191e-01 4.017522809530431616e+00
7.775441817634738406e-01 3.988987043660734866e+00
7.784168463894709511e-01 3.960548333736563453e+00
7.792895110154681726e-01 3.932206998140930221e+00
7.801621756414652831e-01 3.903963355256860890e+00
7.810348402674625046e-01 3.875817723467368747e+00
7.819075048934596150e-01 3.847770421155479958e+00
7.827801695194568365e-01 3.819821766704205590e+00
7.836528341454539470e-01 3.791972078496573140e+00
7.845254987714511685e-01 3.764221674915594118e+00
7.853981633974482790e-01 3.736570874344296023e+00
7.862708280234455005e-01 3.709019995165689920e+00
7.871434926494426110e-01 3.681569355762802864e+00
7.880161572754398325e-01 3.654219274518646809e+00
7.888888219014369430e-01 3.626970069816248365e+00
7.897614865274341645e-01 3.599822060038619931e+00
7.906341511534312749e-01 3.572775563568786783e+00
7.915068157794284964e-01 3.545830898789762209e+00
7.923794804054256069e-01 3.518988384084572818e+00
7.932521450314228284e-01 3.492248337836229233e+00
7.941248096574199389e-01 3.465611078427759839e+00
7.949974742834171604e-01 3.439076924242175703e+00
7.958701389094142709e-01 3.412646193662502991e+00
7.967428035354114924e-01 3.386319205071755878e+00
7.976154681614086028e-01 3.360096276852957864e+00
7.984881327874058243e-01 3.333977727389123125e+00
7.993607974134029348e-01 3.307963875063277825e+00
8.002334620394001563e-01 3.282055038258433033e+00
8.011061266653972668e-01 3.256251535357616689e+00
8.019787912913944883e-01 3.230553684743839860e+00
8.028514559173915988e-01 3.204961804800129599e+00
8.037241205433888203e-01 3.179476213909498306e+00
8.045967851693859307e-01 3.154097230454971257e+00
8.054694497953831522e-01 3.128825172819562628e+00
8.063421144213802627e-01 3.103660359386296363e+00
8.072147790473774842e-01 3.078603108538186639e+00
8.080874436733745947e-01 3.053653738658258732e+00
8.089601082993718162e-01 3.028812568129525484e+00
8.098327729253689267e-01 3.004079915335012618e+00
8.107054375513661482e-01 2.979456098657732976e+00
8.115781021773632586e-01 2.954941436480713168e+00
8.124507668033603691e-01 2.930536247186967813e+00
8.133234314293575906e-01 2.906240849159514195e+00
8.141960960553547011e-01 2.882055560781377146e+00
8.150687606813519226e-01 2.857980700435570398e+00
8.159414253073490331e-01 2.834016586505119228e+00
8.168140899333462546e-01 2.810163537373036480e+00
8.176867545593433650e-01 2.786421871422347429e+00
8.185594191853405865e-01 2.762791907036066252e+00
8.194320838113376970e-01 2.739273962597217782e+00
8.203047484373349185e-01 2.715868356488815305e+00
8.211774130633320290e-01 2.692575407093883655e+00
8.220500776893292505e-01 2.669395432795437451e+00
8.229227423153263610e-01 2.646328751976500193e+00
8.237954069413235825e-01 2.623375683020086058e+00
8.246680715673206929e-01 2.600536544309221210e+00
8.255407361933179144e-01 2.577811654226917604e+00
8.264134008193150249e-01 2.555201331156200961e+00
8.272860654453122464e-01 2.532705893480084569e+00
8.281587300713093569e-01 2.510325659581595037e+00
8.290313946973065784e-01 2.488060947843743431e+00
8.299040593233036889e-01 2.465819736435835630e+00
8.307767239493009104e-01 2.443512622183860117e+00
8.316493885752980209e-01 2.421143851455887841e+00
8.325220532012952424e-01 2.398717670619977760e+00
8.333947178272923528e-01 2.376238326044200821e+00
8.342673824532895743e-01 2.353710064096615096e+00
8.351400470792866848e-01 2.331137131145291974e+00
8.360127117052839063e-01 2.308523773558291303e+00
8.368853763312810168e-01 2.285874237703681366e+00
8.377580409572782383e-01 2.263192769949523342e+00
8.386307055832753488e-01 2.240483616663886401e+00
8.395033702092725703e-01 2.217751024214829947e+00
8.403760348352696807e-01 2.194999238970425370e+00
8.412486994612669022e-01 2.172232507298730741e+00
8.421213640872640127e-01 2.149455075567817453e+00
8.429940287132612342e-01 2.126671190145743573e+00
8.438666933392583447e-01 2.103885097400580495e+00
8.447393579652555662e-01 2.081101043700386732e+00
8.456120225912526767e-01 2.058323275413232345e+00
8.464846872172498982e-01 2.035556038907177623e+00
8.473573518432470086e-01 2.012803580550293070e+00
8.482300164692442301e-01 1.990070146710636312e+00
8.491026810952413406e-01 1.967359983756279407e+00
8.499753457212385621e-01 1.944677338055280647e+00
8.508480103472356726e-01 1.922026455975710757e+00
8.517206749732328941e-01 1.899411583885628918e+00
8.525933395992300046e-01 1.876836968153105634e+00
8.534660042252271150e-01 1.854306855146202526e+00
8.543386688512243365e-01 1.831825491232981440e+00
8.552113334772214470e-01 1.809397122781513767e+00
8.560839981032186685e-01 1.787025996159858021e+00
8.569566627292157790e-01 1.764716357736084262e+00
8.578293273552130005e-01 1.742472453878252781e+00
8.587019919812101110e-01 1.720298530954432970e+00
8.595746566072073325e-01 1.698198835332684231e+00
8.604473212332044429e-01 1.676177613381077292e+00
8.613199858592016644e-01 1.654239111467671330e+00
8.621926504851987749e-01 1.632387575960536408e+00
8.630653151111959964e-01 1.610627253227731925e+00
8.639379797371931069e-01 1.588962389637328609e+00
8.648106443631903284e-01 1.567397231557384751e+00
8.656833089891874389e-01 1.545936025355971521e+00
8.665559736151846604e-01 1.524583017401148544e+00
8.674286382411817709e-01 1.503342454060984767e+00
8.683013028671789924e-01 1.482218581703540927e+00
8.691739674931761028e-01 1.461215646696886417e+00
8.700466321191733243e-01 1.440337895409080859e+00
8.709192967451704348e-01 1.419589574208194316e+00
8.717919613711676563e-01 1.398974929462286410e+00
8.726646259971647668e-01 1.378498207539427423e+00
8.735372906231619883e-01 1.358163654807676757e+00
8.744099552491590988e-01 1.337975517635104250e+00
8.752826198751563203e-01 1.317938042389769748e+00
8.761552845011534307e-01 1.298055475439742867e+00
8.770279491271506522e-01 1.278332063153083675e+00
8.779006137531477627e-01 1.258772051897861788e+00
8.787732783791449842e-01 1.239379688042137051e+00
8.796459430051420947e-01 1.220159217953979525e+00
8.805186076311393162e-01 1.201114888001448611e+00
8.813912722571364267e-01 1.182250944552614591e+00
8.822639368831336482e-01 1.163571633975536646e+00
8.831366015091307586e-01 1.145081202638284834e+00
8.840092661351279801e-01 1.126783896908919447e+00
8.848819307611250906e-01 1.108683963155509655e+00
8.857545953871223121e-01 1.090785647746115528e+00
8.866272600131194226e-01 1.073093197048806680e+00
8.874999246391166441e-01 1.055610857431643401e+00
8.883725892651137546e-01 1.038342875262694864e+00
8.892452538911109761e-01 1.021293496910021581e+00
8.901179185171080865e-01 1.004466968741692057e+00
8.909905831431053080e-01 9.878675371257678028e-01
8.918632477691024185e-01 9.714994484303173250e-01
8.927359123950996400e-01 9.553669490234012462e-01
8.936085770210967505e-01 9.394742852730886273e-01
8.944812416470938610e-01 9.238257035474422008e-01
8.953539062730910825e-01 9.084254502145245880e-01
8.962265708990881929e-01 8.932777716424045167e-01
8.970992355250854144e-01 8.783869141991433871e-01
8.979719001510825249e-01 8.637571242528094828e-01
8.988445647770797464e-01 8.493926481714639820e-01
8.997172294030768569e-01 8.352977323231751683e-01
9.005898940290740784e-01 8.214766230760042198e-01
9.014625586550711889e-01 8.079335667980196423e-01
9.023352232810684104e-01 7.946728098572827248e-01
9.032078879070655208e-01 7.816985986218617510e-01
9.040805525330627423e-01 7.690151794598181212e-01
9.049532171590598528e-01 7.566267987392198968e-01
9.058258817850570743e-01 7.445377028281285892e-01
9.066985464110541848e-01 7.327521380946123708e-01
9.075712110370514063e-01 7.212743509067328640e-01
9.084438756630485168e-01 7.101085876325576862e-01
9.093165402890457383e-01 6.992590946401486818e-01
9.101892049150428488e-01 6.887301182975740232e-01
9.110618695410400703e-01 6.785259049728951108e-01
9.119345341670371807e-01 6.686507010341800061e-01
9.128071987930344022e-01 6.591087528494907755e-01
9.136798634190315127e-01 6.499043067868943702e-01
9.145525280450287342e-01 6.410416092144533007e-01
9.154251926710258447e-01 6.325249065002349624e-01
9.162978572970230662e-01 6.243584450123019769e-01
9.171705219230201767e-01 6.163889102564358291e-01
9.180431865490173982e-01 6.084605066868463696e-01
9.189158511750145086e-01 6.005737590942475945e-01
9.197885158010117301e-01 5.927291922693492809e-01
9.206611804270088406e-01 5.849273310028655359e-01
9.215338450530060621e-01 5.771687000855065808e-01
9.224065096790031726e-01 5.694538243079858564e-01
9.232791743050003941e-01 5.617832284610139171e-01
9.241518389309975046e-01 5.541574373353045369e-01
9.250245035569947261e-01 5.465769757215677149e-01
9.258971681829918365e-01 5.390423684105174473e-01
9.267698328089890580e-01 5.315541401928635112e-01
9.276424974349861685e-01 5.241128158593202357e-01
9.285151620609833900e-01 5.167189202005975091e-01
9.293878266869805005e-01 5.093729780074091051e-01
9.302604913129777220e-01 5.020755140704654673e-01
9.311331559389748325e-01 4.948270531804800365e-01
9.320058205649720540e-01 4.876281201281632560e-01
9.328784851909691644e-01 4.804792397042288443e-01
9.337511498169663859e-01 4.733809366993869672e-01
9.346238144429634964e-01 4.663337359043513985e-01
9.354964790689606069e-01 4.593381621098333589e-01
9.363691436949578284e-01 4.523947401065437912e-01
9.372418083209549389e-01 4.455039946851965249e-01
9.381144729469521604e-01 4.386664506365018368e-01
9.389871375729492708e-01 4.318826327511733343e-01
9.398598021989464923e-01 4.251530658199214607e-01
9.407324668249436028e-01 4.184782746334598791e-01
9.416051314509408243e-01 4.118587839824986996e-01
9.424777960769379348e-01 4.052951186577518072e-01
9.433504607029351563e-01 3.987878034499293678e-01
9.442231253289322668e-01 3.923373631497451552e-01
9.450957899549294883e-01 3.859443225479094464e-01
9.459684545809265988e-01 3.796092064351359596e-01
9.468411192069238203e-01 3.733325396021349163e-01
9.477137838329209307e-01 3.671148468396199793e-01
9.485864484589181522e-01 3.609566529383016475e-01
9.494591130849152627e-01 3.548584826888933064e-01
9.503317777109124842e-01 3.488208608821054546e-01
9.512044423369095947e-01 3.428443123086517552e-01
9.520771069629068162e-01 3.369293617592424850e-01
9.529497715889039267e-01 3.310765340245912514e-01
9.538224362149011482e-01 3.252863538954084976e-01
9.546951008408982586e-01 3.195593461624078313e-01
9.555677654668954801e-01 3.138960356162995846e-01
9.564404300928925906e-01 3.082969470477973095e-01
9.573130947188898121e-01 3.027626052476115048e-01
9.581857593448869226e-01 2.972935350064557225e-01
9.590584239708841441e-01 2.918902611150403503e-01
9.599310885968812546e-01 2.865533083640788292e-01
9.608037532228784761e-01 2.812832015442818800e-01
9.616764178488755865e-01 2.760804654463627772e-01
9.625490824748728080e-01 2.709456248610321860e-01
9.634217471008699185e-01 2.658792045790033809e-01
9.642944117268671400e-01 2.608817293909870827e-01
9.651670763528642505e-01 2.559537240876966213e-01
9.660397409788614720e-01 2.510957134598426066e-01
9.669124056048585825e-01 2.463082222981383129e-01
9.677850702308558040e-01 2.415917753932945167e-01
9.686577348568529144e-01 2.369468975360245200e-01
9.695303994828501359e-01 2.323741135170389327e-01
9.704030641088472464e-01 2.278739481270510292e-01
9.712757287348444679e-01 2.234469261567716969e-01
9.721483933608415784e-01 2.190935723969138771e-01
9.730210579868387999e-01 2.148144116381887070e-01
9.738937226128359104e-01 2.106099686713091002e-01
9.747663872388331319e-01 2.064807682869859162e-01
9.756390518648302423e-01 2.024273352759323741e-01
9.765117164908273528e-01 1.984501944288598885e-01
9.773843811168245743e-01 1.945498705364797909e-01
9.782570457428216848e-01 1.907268883895052725e-01
9.791297103688189063e-01 1.869817727786473038e-01
9.800023749948160168e-01 1.833150484946187153e-01
9.808750396208132383e-01 1.797272403281307274e-01
9.817477042468103487e-01 1.762188730698961425e-01
9.826203688728075702e-01 1.727904715106260147e-01
9.834930334988046807e-01 1.694425604410333963e-01
9.843656981248019022e-01 1.661756646518291469e-01
9.852383627507990127e-01 1.629903089337263467e-01
9.861110273767962342e-01 1.598870180774361605e-01
9.869836920027933447e-01 1.568663168736710856e-01
9.878563566287905662e-01 1.539287301131427033e-01
9.887290212547876767e-01 1.510747825865635663e-01
9.896016858807848982e-01 1.483049990846448951e-01
9.904743505067820086e-01 1.456199043980995200e-01
9.913470151327792301e-01 1.430200233176386337e-01
9.922196797587763406e-01 1.405058806339749833e-01
9.930923443847735621e-01 1.380780011378199557e-01
9.939650090107706726e-01 1.357369096198858816e-01
9.948376736367678941e-01 1.334831308708845921e-01
9.957103382627650046e-01 1.313171896815283346e-01
9.965830028887622261e-01 1.292396108425285239e-01
9.974556675147593365e-01 1.272509191445979071e-01
9.983283321407565580e-01 1.253516393784478711e-01
9.992009967667536685e-01 1.235422963347907327e-01
1.000073661392750779e+00 1.218234148043384896e-01
1.000946326018748112e+00 1.201955195778025287e-01
1.001818990644745222e+00 1.186591354458958469e-01
1.002691655270742332e+00 1.172147871993299006e-01
1.003564319896739443e+00 1.158629996288166458e-01
1.004436984522736775e+00 1.145653430912107196e-01
1.005309649148733886e+00 1.132829528234479133e-01
1.006182313774730996e+00 1.120157009363602213e-01
1.007054978400728107e+00 1.107634595407799433e-01
1.007927643026725439e+00 1.095261007475391013e-01
1.008800307652722550e+00 1.083034966674706612e-01
1.009672972278719660e+00 1.070955194114066311e-01
1.010545636904716771e+00 1.059020410901793108e-01
1.011418301530714103e+00 1.047229338146207639e-01
1.012290966156711214e+00 1.035580696955638730e-01
1.013163630782708324e+00 1.024073208438406879e-01
1.014036295408705435e+00 1.012705593702835083e-01
1.014908960034702767e+00 1.001476573857244118e-01
1.015781624660699878e+00 9.903848700099625313e-02
1.016654289286696988e+00 9.794292032693106831e-02
1.017526953912694099e+00 9.686082947436121249e-02
1.018399618538691209e+00 9.579208655411899920e-02
1.019272283164688542e+00 9.473656367703647829e-02
1.020144947790685652e+00 9.369413295394651842e-02
1.021017612416682763e+00 9.266466649568116942e-02
1.021890277042679873e+00 9.164803641307274484e-02
1.022762941668677206e+00 9.064411481695333617e-02
1.023635606294674316e+00 8.965277381815575652e-02
1.024508270920671427e+00 8.867388552751208353e-02
1.025380935546668537e+00 8.770732205585464458e-02
1.026253600172665870e+00 8.675295551401550342e-02
1.027126264798662980e+00 8.581065801282748706e-02
1.027998929424660091e+00 8.488030166312265923e-02
1.028871594050657201e+00 8.396175857573336121e-02
1.029744258676654534e+00 8.305490086149168449e-02
1.030616923302651644e+00 8.215960063123041446e-02
1.031489587928648755e+00 8.127572999578162871e-02
1.032362252554645865e+00 8.040316106597768242e-02
1.033234917180643198e+00 7.954176595265065319e-02
1.034107581806640308e+00 7.869141676663328477e-02
1.034980246432637419e+00 7.785198561875772416e-02
1.035852911058634529e+00 7.702334461985625713e-02
1.036725575684631862e+00 7.620536588076103068e-02
1.037598240310628972e+00 7.539792151230478856e-02
1.038470904936626082e+00 7.460088362531962225e-02
1.039343569562623193e+00 7.381412433063785916e-02
1.040216234188620525e+00 7.303751573909163242e-02
1.041088898814617636e+00 7.227092996151367188e-02
1.041961563440614746e+00 7.151423910873606904e-02
1.042834228066611857e+00 7.076731529159117906e-02
1.043706892692609189e+00 7.003003062091112119e-02
1.044579557318606300e+00 6.930225720752861140e-02
1.045452221944603410e+00 6.858386716227578284e-02
1.046324886570600521e+00 6.787473259598493514e-02
1.047197551196597853e+00 6.717472561948822918e-02
1.048070215822594964e+00 6.648371834361835320e-02
1.048942880448592074e+00 6.580158287920746807e-02
1.049815545074589185e+00 6.512819133708785957e-02
1.050688209700586517e+00 6.446341582809168858e-02
1.051560874326583628e+00 6.380712846305162944e-02
1.052433538952580738e+00 6.315920135279982917e-02
1.053306203578577849e+00 6.251950660816862904e-02
1.054178868204575181e+00 6.188791633999018299e-02
1.055051532830572292e+00 6.126430265909711681e-02
1.055924197456569402e+00 6.064853767632161913e-02
1.056796862082566513e+00 6.004049350249601041e-02
1.057669526708563623e+00 5.944004224845259726e-02
1.058542191334560956e+00 5.884705602502356830e-02
1.059414855960558066e+00 5.826140694304154932e-02
1.060287520586555177e+00 5.768296711333868731e-02
1.061160185212552287e+00 5.711160864674733051e-02
1.062032849838549620e+00 5.654720365409966060e-02
1.062905514464546730e+00 5.598962424622829642e-02
1.063778179090543841e+00 5.543874253396539886e-02
1.064650843716540951e+00 5.489443062814328839e-02
1.065523508342538284e+00 5.435656063959416751e-02
1.066396172968535394e+00 5.382500467915062037e-02
1.067268837594532505e+00 5.329963485764484254e-02
1.068141502220529615e+00 5.278032328590914757e-02
1.069014166846526948e+00 5.226694207477575876e-02
1.069886831472524058e+00 5.175936333507721865e-02
1.070759496098521169e+00 5.125745917764574361e-02
1.071632160724518279e+00 5.076110171331365412e-02
1.072504825350515612e+00 5.027016305291315268e-02
1.073377489976512722e+00 4.978451530727682345e-02
1.074250154602509832e+00 4.930403058723682730e-02
1.075122819228506943e+00 4.882858100362552634e-02
1.075995483854504275e+00 4.835803866727508837e-02
1.076868148480501386e+00 4.789227568901811838e-02
1.077740813106498496e+00 4.743116417968679110e-02
1.078613477732495607e+00 4.697457625011344784e-02
1.079486142358492939e+00 4.652238401113028415e-02
1.080358806984490050e+00 4.607445957356985644e-02
1.081231471610487160e+00 4.563067504826436721e-02
1.082104136236484271e+00 4.519090254604616469e-02
1.082976800862481603e+00 4.475501417774743751e-02
1.083849465488478714e+00 4.432288205420074206e-02
1.084722130114475824e+00 4.389437828623828780e-02
1.085594794740472935e+00 4.346937498469240213e-02
1.086467459366470267e+00 4.304774426039527369e-02
1.087340123992467378e+00 4.262935822417950049e-02
1.088212788618464488e+00 4.221408898687724343e-02
1.089085453244461599e+00 4.180180865932083684e-02
1.089958117870458931e+00 4.139238935234251793e-02
1.090830782496456042e+00 4.098570317677481534e-02
1.091703447122453152e+00 4.058566138116815464e-02
1.092576111748450263e+00 4.019609700359764309e-02
1.093448776374447595e+00 3.981676483918236004e-02
1.094321441000444706e+00 3.944741968304166929e-02
1.095194105626441816e+00 3.908781633029465713e-02
1.096066770252438927e+00 3.873770957606051391e-02
1.096939434878436037e+00 3.839685421545840222e-02
1.097812099504433370e+00 3.806500504360742221e-02
1.098684764130430480e+00 3.774191685562691689e-02
1.099557428756427591e+00 3.742734444663598642e-02
1.100430093382424701e+00 3.712104261175380032e-02
1.101302758008422034e+00 3.682276614609947263e-02
1.102175422634419144e+00 3.653226984479231859e-02
1.103048087260416255e+00 3.624930850295145224e-02
1.103920751886413365e+00 3.597363691569605004e-02
1.104793416512410698e+00 3.570500987814521909e-02
1.105666081138407808e+00 3.544318218541827464e-02
1.106538745764404919e+00 3.518790863263432378e-02
1.107411410390402029e+00 3.493894401491254992e-02
1.108284075016399362e+00 3.469604312737206708e-02
1.109156739642396472e+00 3.445896076513218359e-02
1.110029404268393582e+00 3.422745172331200653e-02
1.110902068894390693e+00 3.400127079703071931e-02
1.111774733520388025e+00 3.378017278140743596e-02
1.112647398146385136e+00 3.356391247156145785e-02
1.113520062772382246e+00 3.335224466261190596e-02
1.114392727398379357e+00 3.314492414967794981e-02
1.115265392024376689e+00 3.294170572787871731e-02
1.116138056650373800e+00 3.274234419233350291e-02
1.117010721276370910e+00 3.254659433816141367e-02
1.117883385902368021e+00 3.235421096048164691e-02
1.118756050528365353e+00 3.216494885441331664e-02
1.119628715154362464e+00 3.197856281507571036e-02
1.120501379780359574e+00 3.179480763758795597e-02
1.121374044406356685e+00 3.161343811706921608e-02
1.122246709032354017e+00 3.143420904863864634e-02
1.123119373658351128e+00 3.125687522741549956e-02
1.123992038284348238e+00 3.108119144851891752e-02
1.124864702910345349e+00 3.090691250706806975e-02
1.125737367536342681e+00 3.073379319818210151e-02
1.126610032162339792e+00 3.056158831698026906e-02
1.127482696788336902e+00 3.039005265858171073e-02
1.128355361414334013e+00 3.021894101810560299e-02
1.129228026040331345e+00 3.004800819067108414e-02
1.130100690666328456e+00 2.987700897139741740e-02
1.130973355292325566e+00 2.970569815540373415e-02
1.131846019918322677e+00 2.953383053780921433e-02
1.132718684544320009e+00 2.936116091373300319e-02
1.133591349170317120e+00 2.918744407829435006e-02
1.134464013796314230e+00 2.901243482661239673e-02
1.135336678422311341e+00 2.883588795380631967e-02
1.136209343048308673e+00 2.865755825499525372e-02
1.137082007674305784e+00 2.847720052529847251e-02
1.137954672300302894e+00 2.829456955983510394e-02
1.138827336926300005e+00 2.810942015372432101e-02
1.139700001552297115e+00 2.792150710208531061e-02
1.140572666178294448e+00 2.773058520003720065e-02
1.141445330804291558e+00 2.753640924269925780e-02
1.142317995430288669e+00 2.733873402519062384e-02
1.143190660056285779e+00 2.713731434263046485e-02
1.144063324682283111e+00 2.693190499013791220e-02
1.144935989308280222e+00 2.672226076283226032e-02
1.145808653934277332e+00 2.650813645583261977e-02
1.146681318560274443e+00 2.628928686425817396e-02
1.147553983186271775e+00 2.606546678322804039e-02
1.148426647812268886e+00 2.583643100786152044e-02
1.149299312438265996e+00 2.560193433327772466e-02
1.150171977064263107e+00 2.536173155459583994e-02
1.151044641690260439e+00 2.511557746693498031e-02
1.151917306316257550e+00 2.486322686541443672e-02
1.152789970942254660e+00 2.460443454515334749e-02
1.153662635568251771e+00 2.433895530127086829e-02
1.154535300194249103e+00 2.406654392888611660e-02
1.155407964820246214e+00 2.378695522311842156e-02
1.156280629446243324e+00 2.349994397908687291e-02
1.157153294072240435e+00 2.320526499191065753e-02
1.158025958698237767e+00 2.290267305670887904e-02
1.158898623324234878e+00 2.259192296860087004e-02
1.159771287950231988e+00 2.227276952270572374e-02
1.160643952576229099e+00 2.194496751414262703e-02
1.161516617202226431e+00 2.160827173803065923e-02
1.162389281828223542e+00 2.126243698948918764e-02
1.163261946454220652e+00 2.090721806363728813e-02
1.164134611080217763e+00 2.054236975559415798e-02
1.165007275706215095e+00 2.016764686047886265e-02
1.165879940332212206e+00 1.978280417341078332e-02
1.166752604958209316e+00 1.938759648950898890e-02
1.167625269584206427e+00 1.898177860389267321e-02
1.168497934210203759e+00 1.856510531168089825e-02
1.169370598836200870e+00 1.813733140799306601e-02
1.170243263462197980e+00 1.769821168794822111e-02
1.171115928088195091e+00 1.724750094666557126e-02
1.171988592714192423e+00 1.678495397926416804e-02
1.172861257340189534e+00 1.631032558086342038e-02
1.173733921966186644e+00 1.582337054658239373e-02
1.174606586592183755e+00 1.532384367154025762e-02
1.175479251218181087e+00 1.481149975085607057e-02
1.176351915844178198e+00 1.428609357964926579e-02
1.177224580470175308e+00 1.374737995303888793e-02
1.178097245096172418e+00 1.319511366614413081e-02
1.178969909722169529e+00 1.237029035951526731e-02
1.179842574348166861e+00 1.109836504739398523e-02
1.180715238974163972e+00 9.505781585437366593e-03
1.181587903600161082e+00 7.718983829301537605e-03
1.182460568226158193e+00 5.864415634642902025e-03
1.183333232852155525e+00 4.068520857117424727e-03
1.184205897478152636e+00 2.457743352382450557e-03
1.185078562104149746e+00 1.158526976093908825e-03
1.185951226730146857e+00 2.973155839082093632e-04
1.186823891356144189e+00 0.000000000000000000e+00
1.187696555982141300e+00 0.000000000000000000e+00
1.188569220608138410e+00 0.000000000000000000e+00
1.189441885234135521e+00 0.000000000000000000e+00
1.190314549860132853e+00 0.000000000000000000e+00
1.191187214486129964e+00 0.000000000000000000e+00
1.192059879112127074e+00 0.000000000000000000e+00
1.192932543738124185e+00 0.000000000000000000e+00
1.193805208364121517e+00 0.000000000000000000e+00
1.194677872990118628e+00 0.000000000000000000e+00
1.195550537616115738e+00 0.000000000000000000e+00
1.196423202242112849e+00 0.000000000000000000e+00
1.197295866868110181e+00 0.000000000000000000e+00
1.198168531494107292e+00 0.000000000000000000e+00
1.199041196120104402e+00 0.000000000000000000e+00
1.199913860746101513e+00 0.000000000000000000e+00
1.200786525372098845e+00 0.000000000000000000e+00
1.201659189998095956e+00 0.000000000000000000e+00
1.202531854624093066e+00 0.000000000000000000e+00
1.203404519250090177e+00 0.000000000000000000e+00
1.204277183876087509e+00 0.000000000000000000e+00
1.205149848502084620e+00 0.000000000000000000e+00
1.206022513128081730e+00 0.000000000000000000e+00
1.206895177754078841e+00 0.000000000000000000e+00
1.207767842380076173e+00 0.000000000000000000e+00
1.208640507006073284e+00 0.000000000000000000e+00
1.209513171632070394e+00 0.000000000000000000e+00
1.210385836258067505e+00 0.000000000000000000e+00
1.211258500884064837e+00 0.000000000000000000e+00
1.212131165510061948e+00 0.000000000000000000e+00
1.213003830136059058e+00 0.000000000000000000e+00
1.213876494762056168e+00 0.000000000000000000e+00
1.214749159388053501e+00 0.000000000000000000e+00
1.215621824014050611e+00 0.000000000000000000e+00
1.216494488640047722e+00 0.000000000000000000e+00
1.217367153266044832e+00 0.000000000000000000e+00
1.218239817892042165e+00 0.000000000000000000e+00
1.219112482518039275e+00 0.000000000000000000e+00
1.219985147144036386e+00 0.000000000000000000e+00
1.220857811770033496e+00 0.000000000000000000e+00
1.221730476396030607e+00 0.000000000000000000e+00
1.222603141022027939e+00 0.000000000000000000e+00
1.223475805648025050e+00 0.000000000000000000e+00
1.224348470274022160e+00 0.000000000000000000e+00
1.225221134900019271e+00 0.000000000000000000e+00
1.226093799526016603e+00 0.000000000000000000e+00
1.226966464152013714e+00 0.000000000000000000e+00
1.227839128778010824e+00 0.000000000000000000e+00
1.228711793404007935e+00 0.000000000000000000e+00
1.229584458030005267e+00 0.000000000000000000e+00
1.230457122656002378e+00 0.000000000000000000e+00
1.231329787281999488e+00 0.000000000000000000e+00
1.232202451907996599e+00 0.000000000000000000e+00
1.233075116533993931e+00 0.000000000000000000e+00
1.233947781159991042e+00 0.000000000000000000e+00
1.234820445785988152e+00 0.000000000000000000e+00
1.235693110411985263e+00 0.000000000000000000e+00
1.236565775037982595e+00 0.000000000000000000e+00
1.237438439663979706e+00 0.000000000000000000e+00
1.238311104289976816e+00 0.000000000000000000e+00
1.239183768915973927e+00 0.000000000000000000e+00
1.240056433541971259e+00 0.000000000000000000e+00
1.240929098167968370e+00 0.000000000000000000e+00
1.241801762793965480e+00 0.000000000000000000e+00
1.242674427419962591e+00 0.000000000000000000e+00
1.243547092045959923e+00 0.000000000000000000e+00
1.244419756671957034e+00 0.000000000000000000e+00
1.245292421297954144e+00 0.000000000000000000e+00
1.246165085923951255e+00 0.000000000000000000e+00
1.247037750549948587e+00 0.000000000000000000e+00
1.247910415175945698e+00 0.000000000000000000e+00
1.248783079801942808e+00 0.000000000000000000e+00
1.249655744427939918e+00 0.000000000000000000e+00
1.250528409053937251e+00 0.000000000000000000e+00
1.251401073679934361e+00 0.000000000000000000e+00
1.252273738305931472e+00 0.000000000000000000e+00
1.253146402931928582e+00 0.000000000000000000e+00
1.254019067557925915e+00 0.000000000000000000e+00
1.254891732183923025e+00 0.000000000000000000e+00
1.255764396809920136e+00 0.000000000000000000e+00
1.256637061435917246e+00 0.000000000000000000e+00
1.257509726061914579e+00 0.000000000000000000e+00
1.258382390687911689e+00 0.000000000000000000e+00
1.259255055313908800e+00 0.000000000000000000e+00
1.260127719939905910e+00 0.000000000000000000e+00
1.261000384565903021e+00 0.000000000000000000e+00
1.261873049191900353e+00 0.000000000000000000e+00
1.262745713817897464e+00 0.000000000000000000e+00
1.263618378443894574e+00 0.000000000000000000e+00
1.264491043069891685e+00 0.000000000000000000e+00
1.265363707695889017e+00 0.000000000000000000e+00
1.266236372321886128e+00 0.000000000000000000e+00
1.267109036947883238e+00 0.000000000000000000e+00
1.267981701573880349e+00 0.000000000000000000e+00
1.268854366199877681e+00 0.000000000000000000e+00
1.269727030825874792e+00 0.000000000000000000e+00
1.270599695451871902e+00 0.000000000000000000e+00
1.271472360077869013e+00 0.000000000000000000e+00
1.272345024703866345e+00 0.000000000000000000e+00
1.273217689329863456e+00 0.000000000000000000e+00
1.274090353955860566e+00 0.000000000000000000e+00
1.274963018581857677e+00 0.000000000000000000e+00
1.275835683207855009e+00 0.000000000000000000e+00
1.276708347833852120e+00 0.000000000000000000e+00
1.277581012459849230e+00 0.000000000000000000e+00
1.278453677085846341e+00 0.000000000000000000e+00
1.279326341711843673e+00 0.000000000000000000e+00
1.280199006337840784e+00 0.000000000000000000e+00
1.281071670963837894e+00 0.000000000000000000e+00
1.281944335589835005e+00 0.000000000000000000e+00
1.282817000215832337e+00 0.000000000000000000e+00
1.283689664841829448e+00 0.000000000000000000e+00
1.284562329467826558e+00 0.000000000000000000e+00
1.285434994093823668e+00 0.000000000000000000e+00
1.286307658719821001e+00 0.000000000000000000e+00
1.287180323345818111e+00 0.000000000000000000e+00
1.288052987971815222e+00 0.000000000000000000e+00
1.288925652597812332e+00 0.000000000000000000e+00
1.289798317223809665e+00 0.000000000000000000e+00
1.290670981849806775e+00 0.000000000000000000e+00
1.291543646475803886e+00 0.000000000000000000e+00
1.292416311101800996e+00 0.000000000000000000e+00
1.293288975727798329e+00 0.000000000000000000e+00
1.294161640353795439e+00 0.000000000000000000e+00
1.295034304979792550e+00 0.000000000000000000e+00
1.295906969605789660e+00 0.000000000000000000e+00
1.296779634231786993e+00 0.000000000000000000e+00
1.297652298857784103e+00 0.000000000000000000e+00
1.298524963483781214e+00 0.000000000000000000e+00
1.299397628109778324e+00 0.000000000000000000e+00
1.300270292735775435e+00 0.000000000000000000e+00
1.301142957361772767e+00 0.000000000000000000e+00
1.302015621987769878e+00 0.000000000000000000e+00
1.302888286613766988e+00 0.000000000000000000e+00
1.303760951239764099e+00 0.000000000000000000e+00
1.304633615865761431e+00 0.000000000000000000e+00
1.305506280491758542e+00 0.000000000000000000e+00
1.306378945117755652e+00 0.000000000000000000e+00
1.307251609743752763e+00 0.000000000000000000e+00
1.308124274369750095e+00 0.000000000000000000e+00
1.308996938995747206e+00 0.000000000000000000e+00
1.309869603621744316e+00 0.000000000000000000e+00
1.310742268247741427e+00 0.000000000000000000e+00
1.311614932873738759e+00 0.000000000000000000e+00
1.312487597499735870e+00 0.000000000000000000e+00
1.313360262125732980e+00 0.000000000000000000e+00
1.314232926751730091e+00 0.000000000000000000e+00
1.315105591377727423e+00 0.000000000000000000e+00
1.315978256003724534e+00 0.000000000000000000e+00
1.316850920629721644e+00 0.000000000000000000e+00
1.317723585255718755e+00 0.000000000000000000e+00
1.318596249881716087e+00 0.000000000000000000e+00
1.319468914507713198e+00 0.000000000000000000e+00
1.320341579133710308e+00 0.000000000000000000e+00
1.321214243759707418e+00 0.000000000000000000e+00
1.322086908385704751e+00 0.000000000000000000e+00
1.322959573011701861e+00 0.000000000000000000e+00
1.323832237637698972e+00 0.000000000000000000e+00
1.324704902263696082e+00 0.000000000000000000e+00
1.325577566889693415e+00 0.000000000000000000e+00
1.326450231515690525e+00 0.000000000000000000e+00
1.327322896141687636e+00 0.000000000000000000e+00
1.328195560767684746e+00 0.000000000000000000e+00
1.329068225393682079e+00 0.000000000000000000e+00
1.329940890019679189e+00 0.000000000000000000e+00
1.330813554645676300e+00 0.000000000000000000e+00
1.331686219271673410e+00 0.000000000000000000e+00
1.332558883897670743e+00 0.000000000000000000e+00
1.333431548523667853e+00 0.000000000000000000e+00
1.334304213149664964e+00 0.000000000000000000e+00
1.335176877775662074e+00 0.000000000000000000e+00
1.336049542401659407e+00 0.000000000000000000e+00
1.336922207027656517e+00 0.000000000000000000e+00
1.337794871653653628e+00 0.000000000000000000e+00
1.338667536279650738e+00 0.000000000000000000e+00
1.339540200905648071e+00 0.000000000000000000e+00
1.340412865531645181e+00 0.000000000000000000e+00
1.341285530157642292e+00 0.000000000000000000e+00
1.342158194783639402e+00 0.000000000000000000e+00
1.343030859409636513e+00 0.000000000000000000e+00
1.343903524035633845e+00 0.000000000000000000e+00
1.344776188661630956e+00 0.000000000000000000e+00
1.345648853287628066e+00 0.000000000000000000e+00
1.346521517913625177e+00 0.000000000000000000e+00
1.347394182539622509e+00 0.000000000000000000e+00
1.348266847165619620e+00 0.000000000000000000e+00
1.349139511791616730e+00 0.000000000000000000e+00
1.350012176417613841e+00 0.000000000000000000e+00
1.350884841043611173e+00 0.000000000000000000e+00
1.351757505669608284e+00 0.000000000000000000e+00
1.352630170295605394e+00 0.000000000000000000e+00
1.353502834921602505e+00 0.000000000000000000e+00
1.354375499547599837e+00 0.000000000000000000e+00
1.355248164173596948e+00 0.000000000000000000e+00
1.356120828799594058e+00 0.000000000000000000e+00
1.356993493425591168e+00 0.000000000000000000e+00
1.357866158051588501e+00 0.000000000000000000e+00
1.358738822677585611e+00 0.000000000000000000e+00
1.359611487303582722e+00 0.000000000000000000e+00
1.360484151929579832e+00 0.000000000000000000e+00
1.361356816555577165e+00 0.000000000000000000e+00
1.362229481181574275e+00 0.000000000000000000e+00
1.363102145807571386e+00 0.000000000000000000e+00
1.363974810433568496e+00 0.000000000000000000e+00
1.364847475059565829e+00 0.000000000000000000e+00
1.365720139685562939e+00 0.000000000000000000e+00
1.366592804311560050e+00 0.000000000000000000e+00
1.367465468937557160e+00 0.000000000000000000e+00
1.368338133563554493e+00 0.000000000000000000e+00
1.369210798189551603e+00 0.000000000000000000e+00
1.370083462815548714e+00 0.000000000000000000e+00
1.370956127441545824e+00 0.000000000000000000e+00
1.371828792067543157e+00 0.000000000000000000e+00
1.372701456693540267e+00 0.000000000000000000e+00
1.373574121319537378e+00 0.000000000000000000e+00
1.374446785945534488e+00 0.000000000000000000e+00
1.375319450571531821e+00 0.000000000000000000e+00
1.376192115197528931e+00 0.000000000000000000e+00
1.377064779823526042e+00 0.000000000000000000e+00
1.377937444449523152e+00 0.000000000000000000e+00
1.378810109075520485e+00 0.000000000000000000e+00
1.379682773701517595e+00 0.000000000000000000e+00
1.380555438327514706e+00 0.000000000000000000e+00
1.381428102953511816e+00 0.000000000000000000e+00
1.382300767579508927e+00 0.000000000000000000e+00
1.383173432205506259e+00 0.000000000000000000e+00
1.384046096831503370e+00 0.000000000000000000e+00
1.384918761457500480e+00 0.000000000000000000e+00
1.385791426083497591e+00 0.000000000000000000e+00
1.386664090709494923e+00 0.000000000000000000e+00
1.387536755335492034e+00 0.000000000000000000e+00
1.388409419961489144e+00 0.000000000000000000e+00
1.389282084587486255e+00 0.000000000000000000e+00
1.390154749213483587e+00 0.000000000000000000e+00
1.391027413839480698e+00 0.000000000000000000e+00
1.391900078465477808e+00 0.000000000000000000e+00
1.392772743091474918e+00 0.000000000000000000e+00
1.393645407717472251e+00 0.000000000000000000e+00
1.394518072343469361e+00 0.000000000000000000e+00
1.395390736969466472e+00 0.000000000000000000e+00
1.396263401595463582e+00 0.000000000000000000e+00
1.397136066221460915e+00 0.000000000000000000e+00
1.398008730847458025e+00 0.000000000000000000e+00
1.398881395473455136e+00 0.000000000000000000e+00
1.399754060099452246e+00 0.000000000000000000e+00
1.400626724725449579e+00 0.000000000000000000e+00
1.401499389351446689e+00 0.000000000000000000e+00
1.402372053977443800e+00 0.000000000000000000e+00
1.403244718603440910e+00 0.000000000000000000e+00
1.404117383229438243e+00 0.000000000000000000e+00
1.404990047855435353e+00 0.000000000000000000e+00
1.405862712481432464e+00 0.000000000000000000e+00
1.406735377107429574e+00 0.000000000000000000e+00
1.407608041733426907e+00 0.000000000000000000e+00
1.408480706359424017e+00 0.000000000000000000e+00
1.409353370985421128e+00 0.000000000000000000e+00
1.410226035611418238e+00 0.000000000000000000e+00
1.411098700237415571e+00 0.000000000000000000e+00
1.411971364863412681e+00 0.000000000000000000e+00
1.412844029489409792e+00 0.000000000000000000e+00
1.413716694115406902e+00 0.000000000000000000e+00
1.414589358741404235e+00 0.000000000000000000e+00
1.415462023367401345e+00 0.000000000000000000e+00
1.416334687993398456e+00 0.000000000000000000e+00
1.417207352619395566e+00 0.000000000000000000e+00
1.418080017245392899e+00 0.000000000000000000e+00
1.418952681871390009e+00 0.000000000000000000e+00
1.419825346497387120e+00 0.000000000000000000e+00
1.420698011123384230e+00 0.000000000000000000e+00
1.421570675749381563e+00 0.000000000000000000e+00
1.422443340375378673e+00 0.000000000000000000e+00
1.423316005001375784e+00 0.000000000000000000e+00
1.424188669627372894e+00 0.000000000000000000e+00
1.425061334253370005e+00 0.000000000000000000e+00
1.425933998879367337e+00 0.000000000000000000e+00
1.426806663505364448e+00 0.000000000000000000e+00
1.427679328131361558e+00 0.000000000000000000e+00
1.428551992757358668e+00 0.000000000000000000e+00
1.429424657383356001e+00 0.000000000000000000e+00
1.430297322009353111e+00 0.000000000000000000e+00
1.431169986635350222e+00 0.000000000000000000e+00
1.432042651261347332e+00 0.000000000000000000e+00
1.432915315887344665e+00 0.000000000000000000e+00
1.433787980513341775e+00 0.000000000000000000e+00
1.434660645139338886e+00 0.000000000000000000e+00
1.435533309765335996e+00 0.000000000000000000e+00
1.436405974391333329e+00 0.000000000000000000e+00
1.437278639017330439e+00 0.000000000000000000e+00
1.438151303643327550e+00 0.000000000000000000e+00
1.439023968269324660e+00 0.000000000000000000e+00
1.439896632895321993e+00 0.000000000000000000e+00
1.440769297521319103e+00 0.000000000000000000e+00
1.441641962147316214e+00 0.000000000000000000e+00
1.442514626773313324e+00 0.000000000000000000e+00
1.443387291399310657e+00 0.000000000000000000e+00
1.444259956025307767e+00 0.000000000000000000e+00
1.445132620651304878e+00 0.000000000000000000e+00
1.446005285277301988e+00 0.000000000000000000e+00
1.446877949903299321e+00 0.000000000000000000e+00
1.447750614529296431e+00 0.000000000000000000e+00
1.448623279155293542e+00 0.000000000000000000e+00
1.449495943781290652e+00 0.000000000000000000e+00
1.450368608407287985e+00 0.000000000000000000e+00
1.451241273033285095e+00 0.000000000000000000e+00
1.452113937659282206e+00 0.000000000000000000e+00
1.452986602285279316e+00 0.000000000000000000e+00
1.453859266911276649e+00 0.000000000000000000e+00
1.454731931537273759e+00 0.000000000000000000e+00
1.455604596163270870e+00 0.000000000000000000e+00
1.456477260789267980e+00 0.000000000000000000e+00
1.457349925415265313e+00 0.000000000000000000e+00
1.458222590041262423e+00 0.000000000000000000e+00
1.459095254667259534e+00 0.000000000000000000e+00
1.459967919293256644e+00 0.000000000000000000e+00
1.460840583919253977e+00 0.000000000000000000e+00
1.461713248545251087e+00 0.000000000000000000e+00
1.462585913171248198e+00 0.000000000000000000e+00
1.463458577797245308e+00 0.000000000000000000e+00
1.464331242423242418e+00 0.000000000000000000e+00
1.465203907049239751e+00 0.000000000000000000e+00
1.466076571675236861e+00 0.000000000000000000e+00
1.466949236301233972e+00 0.000000000000000000e+00
1.467821900927231082e+00 0.000000000000000000e+00
1.468694565553228415e+00 0.000000000000000000e+00
1.469567230179225525e+00 0.000000000000000000e+00
1.470439894805222636e+00 0.000000000000000000e+00
1.471312559431219746e+00 0.000000000000000000e+00
1.472185224057217079e+00 0.000000000000000000e+00
1.473057888683214189e+00 0.000000000000000000e+00
1.473930553309211300e+00 0.000000000000000000e+00
1.474803217935208410e+00 0.000000000000000000e+00
1.475675882561205743e+00 0.000000000000000000e+00
1.476548547187202853e+00 0.000000000000000000e+00
1.477421211813199964e+00 0.000000000000000000e+00
1.478293876439197074e+00 0.000000000000000000e+00
1.479166541065194407e+00 0.000000000000000000e+00
1.480039205691191517e+00 0.000000000000000000e+00
1.480911870317188628e+00 0.000000000000000000e+00
1.481784534943185738e+00 0.000000000000000000e+00
1.482657199569183071e+00 0.000000000000000000e+00
1.483529864195180181e+00 0.000000000000000000e+00
1.484402528821177292e+00 0.000000000000000000e+00
1.485275193447174402e+00 0.000000000000000000e+00
1.486147858073171735e+00 0.000000000000000000e+00
1.487020522699168845e+00 0.000000000000000000e+00
1.487893187325165956e+00 0.000000000000000000e+00
1.488765851951163066e+00 0.000000000000000000e+00
1.489638516577160399e+00 0.000000000000000000e+00
1.490511181203157509e+00 0.000000000000000000e+00
1.491383845829154620e+00 0.000000000000000000e+00
1.492256510455151730e+00 0.000000000000000000e+00
1.493129175081149063e+00 0.000000000000000000e+00
1.494001839707146173e+00 0.000000000000000000e+00
1.494874504333143284e+00 0.000000000000000000e+00
1.495747168959140394e+00 0.000000000000000000e+00
1.496619833585137727e+00 0.000000000000000000e+00
1.497492498211134837e+00 0.000000000000000000e+00
1.498365162837131948e+00 0.000000000000000000e+00
1.499237827463129058e+00 0.000000000000000000e+00
1.500110492089126391e+00 0.000000000000000000e+00
1.500983156715123501e+00 0.000000000000000000e+00
1.501855821341120611e+00 0.000000000000000000e+00
1.502728485967117722e+00 0.000000000000000000e+00
1.503601150593114832e+00 0.000000000000000000e+00
1.504473815219112165e+00 0.000000000000000000e+00
1.505346479845109275e+00 0.000000000000000000e+00
1.506219144471106386e+00 0.000000000000000000e+00
1.507091809097103496e+00 0.000000000000000000e+00
1.507964473723100829e+00 0.000000000000000000e+00
1.508837138349097939e+00 0.000000000000000000e+00
1.509709802975095050e+00 0.000000000000000000e+00
1.510582467601092160e+00 0.000000000000000000e+00
1.511455132227089493e+00 0.000000000000000000e+00
1.512327796853086603e+00 0.000000000000000000e+00
1.513200461479083714e+00 0.000000000000000000e+00
1.514073126105080824e+00 0.000000000000000000e+00
1.514945790731078157e+00 0.000000000000000000e+00
1.515818455357075267e+00 0.000000000000000000e+00
1.516691119983072378e+00 0.000000000000000000e+00
1.517563784609069488e+00 0.000000000000000000e+00
1.518436449235066821e+00 0.000000000000000000e+00
1.519309113861063931e+00 0.000000000000000000e+00
1.520181778487061042e+00 0.000000000000000000e+00
1.521054443113058152e+00 0.000000000000000000e+00
1.521927107739055485e+00 0.000000000000000000e+00
1.522799772365052595e+00 0.000000000000000000e+00
1.523672436991049706e+00 0.000000000000000000e+00
1.524545101617046816e+00 0.000000000000000000e+00
1.525417766243044149e+00 0.000000000000000000e+00
1.526290430869041259e+00 0.000000000000000000e+00
1.527163095495038370e+00 0.000000000000000000e+00
1.528035760121035480e+00 0.000000000000000000e+00
1.528908424747032813e+00 0.000000000000000000e+00
1.529781089373029923e+00 0.000000000000000000e+00
1.530653753999027034e+00 0.000000000000000000e+00
1.531526418625024144e+00 0.000000000000000000e+00
1.532399083251021477e+00 0.000000000000000000e+00
1.533271747877018587e+00 0.000000000000000000e+00
1.534144412503015698e+00 0.000000000000000000e+00
1.535017077129012808e+00 0.000000000000000000e+00
1.535889741755010141e+00 0.000000000000000000e+00
1.536762406381007251e+00 0.000000000000000000e+00
1.537635071007004361e+00 0.000000000000000000e+00
1.538507735633001472e+00 0.000000000000000000e+00
1.539380400258998804e+00 0.000000000000000000e+00
1.540253064884995915e+00 0.000000000000000000e+00
1.541125729510993025e+00 0.000000000000000000e+00
1.541998394136990136e+00 0.000000000000000000e+00
1.542871058762987468e+00 0.000000000000000000e+00
1.543743723388984579e+00 0.000000000000000000e+00
1.544616388014981689e+00 0.000000000000000000e+00
1.545489052640978800e+00 0.000000000000000000e+00
1.546361717266975910e+00 0.000000000000000000e+00
1.547234381892973243e+00 0.000000000000000000e+00
1.548107046518970353e+00 0.000000000000000000e+00
1.548979711144967464e+00 0.000000000000000000e+00
1.549852375770964574e+00 0.000000000000000000e+00
1.550725040396961907e+00 0.000000000000000000e+00
1.551597705022959017e+00 0.000000000000000000e+00
1.552470369648956128e+00 0.000000000000000000e+00
1.553343034274953238e+00 0.000000000000000000e+00
1.554215698900950571e+00 0.000000000000000000e+00
1.555088363526947681e+00 0.000000000000000000e+00
1.555961028152944792e+00 0.000000000000000000e+00
1.556833692778941902e+00 0.000000000000000000e+00
1.557706357404939235e+00 0.000000000000000000e+00
1.558579022030936345e+00 0.000000000000000000e+00
1.559451686656933456e+00 0.000000000000000000e+00
1.560324351282930566e+00 0.000000000000000000e+00
1.561197015908927899e+00 0.000000000000000000e+00
1.562069680534925009e+00 0.000000000000000000e+00
1.562942345160922120e+00 0.000000000000000000e+00
1.563815009786919230e+00 0.000000000000000000e+00
1.564687674412916563e+00 0.000000000000000000e+00
1.565560339038913673e+00 0.000000000000000000e+00
1.566433003664910784e+00 0.000000000000000000e+00
1.567305668290907894e+00 0.000000000000000000e+00
1.568178332916905227e+00 0.000000000000000000e+00
1.569050997542902337e+00 0.000000000000000000e+00
1.569923662168899448e+00 0.000000000000000000e+00
