# i_rad	L_edd
0.000000000000000000e+00 1.231258257522744088e+03
8.726646259971647954e-04 1.201182293843101434e+03
1.745329251994329591e-03 1.170889044713592057e+03
2.617993877991494495e-03 1.140410930003749172e+03
3.490658503988659182e-03 1.109780369583106449e+03
4.363323129985823869e-03 1.079029783321197783e+03
5.235987755982988989e-03 1.048191591087556390e+03
6.108652381980153243e-03 1.017298212751716392e+03
6.981317007977318363e-03 9.863820681832110040e+02
7.853981633974483484e-03 9.554755772515736680e+02
8.726646259971647737e-03 9.246111598263382803e+02
9.599310885968811990e-03 8.938212357770385097e+02
1.047197551196597798e-02 8.631382249732077980e+02
1.134464013796314223e-02 8.325945472843798143e+02
1.221730476396030649e-02 8.022226225800882276e+02
1.308996938995747247e-02 7.720548707298663658e+02
1.396263401595463673e-02 7.421237116032483527e+02
1.483529864195180098e-02 7.124615650697674027e+02
1.570796326794896697e-02 6.831008509989571849e+02
1.658062789394612949e-02 6.540739892603513681e+02
1.745329251994329547e-02 6.254133997234836215e+02
1.832595714594046146e-02 5.971515022578872731e+02
1.919862177193762398e-02 5.693207167330963330e+02
2.007128639793478997e-02 5.419534630186441291e+02
2.094395102393195596e-02 5.150821609840643305e+02
2.181661564992911848e-02 4.887392304988906631e+02
2.268928027592628446e-02 4.629570914326566253e+02
2.356194490192345045e-02 4.377681636548956590e+02
2.443460952792061297e-02 4.132048670351417172e+02
2.530727415391777896e-02 3.892996214429282418e+02
2.617993877991494495e-02 3.660848467477887880e+02
2.705260340591210746e-02 3.435929628192570817e+02
2.792526803190927345e-02 3.218563895268666784e+02
2.879793265790643944e-02 3.009075467401510764e+02
2.967059728390360196e-02 2.807788543286441154e+02
3.054326190990076795e-02 2.615027321618792371e+02
3.141592653589793394e-02 2.431116001093899968e+02
3.228859116189509992e-02 2.256378780407101772e+02
3.316125578789225897e-02 2.091139858253733337e+02
3.403392041388942496e-02 1.935723433329129364e+02
3.490658503988659095e-02 1.790453704328629954e+02
3.577924966588375694e-02 1.655654869947565828e+02
3.665191429188092292e-02 1.531651128881275667e+02
3.752457891787808891e-02 1.418766679825095025e+02
3.839724354387524796e-02 1.317325721474361444e+02
3.926990816987241395e-02 1.227652452524409341e+02
4.014257279586957994e-02 1.150071071670577680e+02
4.101523742186674593e-02 1.084905777608199742e+02
4.188790204786391191e-02 1.032480769032609942e+02
4.276056667386107790e-02 9.931202446391478134e+01
4.363323129985823695e-02 9.671484031231474887e+01
4.450589592585540294e-02 9.480968768890528509e+01
4.537856055185256893e-02 9.292805353197212526e+01
4.625122517784973492e-02 9.106984325781128575e+01
4.712388980384690090e-02 8.923496228271869768e+01
4.799655442984406689e-02 8.742331602299039162e+01
4.886921905584122594e-02 8.563480989492231288e+01
4.974188368183839193e-02 8.386934931481040678e+01
5.061454830783555792e-02 8.212683969895068969e+01
5.148721293383272390e-02 8.040718646363910693e+01
5.235987755982988989e-02 7.871029502517164644e+01
5.323254218582705588e-02 7.703607079984428196e+01
5.410520681182421493e-02 7.538441920395300144e+01
5.497787143782138092e-02 7.375524565379375019e+01
5.585053606381854691e-02 7.214845556566251616e+01
5.672320068981571289e-02 7.056395435585528730e+01
5.759586531581287888e-02 6.900164744066802314e+01
5.846852994181003793e-02 6.746144023639669740e+01
5.934119456780720392e-02 6.594323815933729804e+01
6.021385919380436991e-02 6.444694662578577038e+01
6.108652381980153590e-02 6.297247105203810946e+01
6.195918844579870188e-02 6.151971685439028903e+01
6.283185307179586787e-02 6.008858944913828282e+01
6.370451769779303386e-02 5.867899425257806456e+01
6.457718232379019985e-02 5.729083668100560800e+01
6.544984694978736584e-02 5.592402215071688687e+01
6.632251157578451795e-02 5.457845607800790333e+01
6.719517620178168393e-02 5.325404387917458138e+01
6.806784082777884992e-02 5.195069097051291607e+01
6.894050545377601591e-02 5.066830276831888114e+01
6.981317007977318190e-02 4.940678468888845742e+01
7.068583470577034789e-02 4.816604214851761867e+01
7.155849933176751387e-02 4.694598056350233151e+01
7.243116395776467986e-02 4.574650535013857677e+01
7.330382858376184585e-02 4.456752192472233531e+01
7.417649320975901184e-02 4.340893570354955955e+01
7.504915783575617783e-02 4.227065210291625164e+01
7.592182246175334381e-02 4.115257653911835689e+01
7.679448708775049592e-02 4.005461442845189879e+01
7.766715171374766191e-02 3.897667118721278001e+01
7.853981633974482790e-02 3.791865223169703114e+01
7.941248096574199389e-02 3.688046297820059038e+01
8.028514559173915988e-02 3.586200884301945990e+01
8.115781021773632586e-02 3.486319524244960633e+01
8.203047484373349185e-02 3.388392759278700339e+01
8.290313946973065784e-02 3.292411131032761773e+01
8.377580409572782383e-02 3.198365181136743018e+01
8.464846872172498982e-02 3.106245451220241449e+01
8.552113334772215580e-02 3.016042482912854084e+01
8.639379797371930791e-02 2.927746817844180782e+01
8.726646259971647390e-02 2.841348997643814300e+01
8.813912722571363989e-02 2.756839563941355919e+01
8.901179185171080588e-02 2.674209058366400882e+01
8.988445647770797187e-02 2.593448022548549048e+01
9.075712110370513785e-02 2.514546998117394594e+01
9.162978572970230384e-02 2.437496526702538091e+01
9.250245035569946983e-02 2.362287149933574781e+01
9.337511498169663582e-02 2.288909409440103815e+01
9.424777960769380181e-02 2.217353846851720789e+01
9.512044423369096779e-02 2.147611003798025209e+01
9.599310885968813378e-02 2.079671421908612317e+01
9.686577348568528589e-02 2.013525642813082328e+01
9.773843811168245188e-02 1.949164208141028709e+01
9.861110273767961787e-02 1.886577659522053807e+01
9.948376736367678386e-02 1.825756538585751088e+01
1.003564319896739498e-01 1.766691386961718280e+01
1.012290966156711158e-01 1.709372746279555599e+01
1.021017612416682818e-01 1.653791158168858644e+01
1.029744258676654478e-01 1.599937164259222122e+01
1.038470904936626138e-01 1.547801306180248382e+01
1.047197551196597798e-01 1.497374125561533376e+01
1.055924197456569458e-01 1.448646164032674477e+01
1.064650843716541118e-01 1.401607963223265685e+01
1.073377489976512639e-01 1.356250064762910768e+01
1.082104136236484299e-01 1.312563010281198572e+01
1.090830782496455958e-01 1.270537341407736065e+01
1.099557428756427618e-01 1.230163599772116356e+01
1.108284075016399278e-01 1.191432327003936464e+01
1.117010721276370938e-01 1.154334064732790388e+01
1.125737367536342598e-01 1.118859354588281363e+01
1.134464013796314258e-01 1.084998738200008361e+01
1.143190660056285918e-01 1.052742757197561474e+01
1.151917306316257578e-01 1.022081953210541094e+01
1.160643952576229238e-01 9.930068678685476158e+00
1.169370598836200759e-01 9.655080428011778793e+00
1.178097245096172418e-01 9.395760196380260609e+00
1.186823891356144078e-01 9.152013400086918438e+00
1.195550537616115738e-01 8.923745455427685158e+00
1.204277183876087398e-01 8.710861778698603786e+00
1.213003830136059058e-01 8.513267786195623188e+00
1.221730476396030718e-01 8.330868894214688680e+00
1.230457122656002378e-01 8.163570519051788210e+00
1.239183768915974038e-01 8.011278077002923936e+00
1.247910415175945698e-01 7.873896984364058937e+00
1.256637061435917357e-01 7.751332657431145634e+00
1.265363707695889017e-01 7.643490512500154210e+00
1.274090353955860677e-01 7.550275965867095707e+00
1.282817000215832337e-01 7.471594433827934978e+00
1.291543646475803997e-01 7.407351332678636879e+00
1.300270292735775657e-01 7.357452078715141397e+00
1.308996938995747317e-01 7.321802088233490657e+00
1.317723585255718977e-01 7.293381079379766874e+00
1.326450231515690359e-01 7.265232011516077115e+00
1.335176877775662019e-01 7.237355162762345806e+00
1.343903524035633679e-01 7.209750811238499146e+00
1.352630170295605339e-01 7.182419235064466001e+00
1.361356816555576998e-01 7.155360712360169906e+00
1.370083462815548658e-01 7.128575521245538837e+00
1.378810109075520318e-01 7.102063939840499884e+00
1.387536755335491978e-01 7.075826246264976582e+00
1.396263401595463638e-01 7.049862718638896908e+00
1.404990047855435298e-01 7.024173635082187062e+00
1.413716694115406958e-01 6.998759273714773244e+00
1.422443340375378618e-01 6.973619912656581654e+00
1.431169986635350277e-01 6.948755830027538494e+00
1.439896632895321937e-01 6.924167303947569962e+00
1.448623279155293597e-01 6.899854612536603149e+00
1.457349925415265257e-01 6.875818033914562477e+00
1.466076571675236917e-01 6.852057846201375924e+00
1.474803217935208577e-01 6.828574327516969689e+00
1.483529864195180237e-01 6.805367755981269973e+00
1.492256510455151897e-01 6.782438409714202088e+00
1.500983156715123557e-01 6.759786566835693122e+00
1.509709802975095216e-01 6.737412505465669277e+00
1.518436449235066876e-01 6.715316503724056751e+00
1.527163095495038259e-01 6.693498839730782635e+00
1.535889741755009918e-01 6.671959791605771350e+00
1.544616388014981578e-01 6.650699637468950876e+00
1.553343034274953238e-01 6.629718655440246522e+00
1.562069680534924898e-01 6.609017123639585378e+00
1.570796326794896558e-01 6.588595320186892756e+00
1.579522973054868218e-01 6.568453523202094857e+00
1.588249619314839878e-01 6.548592010805119656e+00
1.596976265574811538e-01 6.529011061115892467e+00
1.605702911834783198e-01 6.509710952254338601e+00
1.614429558094754857e-01 6.490691962340386922e+00
1.623156204354726517e-01 6.471954369493960080e+00
1.631882850614698177e-01 6.453498451834986938e+00
1.640609496874669837e-01 6.435324487483392808e+00
1.649336143134641497e-01 6.417432754559104779e+00
1.658062789394613157e-01 6.399823531182048164e+00
1.666789435654584817e-01 6.382497095472150050e+00
1.675516081914556477e-01 6.365453725549335751e+00
1.684242728174528136e-01 6.348693699533533241e+00
1.692969374434499796e-01 6.332217295544666946e+00
1.701696020694471456e-01 6.316024791702663954e+00
1.710422666954443116e-01 6.300116466127450465e+00
1.719149313214414776e-01 6.284492596938953568e+00
1.727875959474386158e-01 6.269153462257097686e+00
1.736602605734357818e-01 6.254099340201810797e+00
1.745329251994329478e-01 6.239330508893019100e+00
1.754055898254301138e-01 6.224847246450647908e+00
1.762782544514272798e-01 6.210649830994624310e+00
1.771509190774244458e-01 6.196738540644873616e+00
1.780235837034216118e-01 6.183113653521322917e+00
1.788962483294187777e-01 6.169775447743899299e+00
1.797689129554159437e-01 6.156724201432527188e+00
1.806415775814131097e-01 6.143960192707133672e+00
1.815142422074102757e-01 6.131483699687645839e+00
1.823869068334074417e-01 6.119295000493989001e+00
1.832595714594046077e-01 6.107394373246089359e+00
1.841322360854017737e-01 6.095782096063873112e+00
1.850049007113989397e-01 6.084458447067268239e+00
1.858775653373961056e-01 6.073423704376198273e+00
1.867502299633932716e-01 6.062678146110592081e+00
1.876228945893904376e-01 6.052222050390374086e+00
1.884955592153876036e-01 6.042055695335471377e+00
1.893682238413847696e-01 6.032179359065810154e+00
1.902408884673819356e-01 6.022593319701317505e+00
1.911135530933791016e-01 6.013297855361918742e+00
1.919862177193762676e-01 6.004293244167539179e+00
1.928588823453734336e-01 5.995579764238106790e+00
1.937315469713705718e-01 5.987157693693548666e+00
1.946042115973677378e-01 5.979027310653788341e+00
1.954768762233649038e-01 5.971188893238752904e+00
1.963495408493620697e-01 5.963642719568370332e+00
1.972222054753592357e-01 5.956389067762566825e+00
1.980948701013564017e-01 5.949428215941265918e+00
1.989675347273535677e-01 5.942760442224396478e+00
1.998401993533507337e-01 5.936386024731882927e+00
2.007128639793478997e-01 5.930305241583654130e+00
2.015855286053450657e-01 5.924518370899633624e+00
2.024581932313422317e-01 5.919025690799750272e+00
2.033308578573393977e-01 5.913827479403927612e+00
2.042035224833365636e-01 5.908924014832093619e+00
2.050761871093337296e-01 5.904315575204174493e+00
2.059488517353308956e-01 5.900002438640095548e+00
2.068215163613280616e-01 5.895984883259784759e+00
2.076941809873252276e-01 5.892263187183165662e+00
2.085668456133223936e-01 5.888837628530168011e+00
2.094395102393195596e-01 5.885708485420715341e+00
2.103121748653167256e-01 5.882876035974735629e+00
2.111848394913138915e-01 5.880340558312154187e+00
2.120575041173110575e-01 5.878102330552898991e+00
2.129301687433082235e-01 5.876161630816893577e+00
2.138028333693053618e-01 5.874518737224064147e+00
2.146754979953025277e-01 5.873173927894340451e+00
2.155481626212996937e-01 5.872127480947646028e+00
2.164208272472968597e-01 5.871379674503907964e+00
2.172934918732940257e-01 5.870930786683052460e+00
2.181661564992911917e-01 5.870781095605006605e+00
2.190388211252883577e-01 5.872307838369261290e+00
2.199114857512855237e-01 5.876847080279095081e+00
2.207841503772826897e-01 5.884337341760105922e+00
2.216568150032798556e-01 5.894717143237895307e+00
2.225294796292770216e-01 5.907925005138062957e+00
2.234021442552741876e-01 5.923899447886211256e+00
2.242748088812713536e-01 5.942578991907938146e+00
2.251474735072685196e-01 5.963902157628846901e+00
2.260201381332656856e-01 5.987807465474534574e+00
2.268928027592628516e-01 6.014233435870604438e+00
2.277654673852600176e-01 6.043118589242655325e+00
2.286381320112571836e-01 6.074401446016288730e+00
2.295107966372543495e-01 6.108020526617105261e+00
2.303834612632515155e-01 6.143914351470703750e+00
2.312561258892486815e-01 6.182021441002686579e+00
2.321287905152458475e-01 6.222280315638652581e+00
2.330014551412430135e-01 6.264629495804204140e+00
2.338741197672401517e-01 6.309007501924938310e+00
2.347467843932373177e-01 6.355352854426458364e+00
2.356194490192344837e-01 6.403604073734365798e+00
2.364921136452316497e-01 6.453699680274258554e+00
2.373647782712288157e-01 6.505578194471738129e+00
2.382374428972259817e-01 6.559178136752405130e+00
2.391101075232231477e-01 6.614438027541860166e+00
2.399827721492203136e-01 6.671296387265702066e+00
2.408554367752174796e-01 6.729691736349533215e+00
2.417281014012146456e-01 6.789562595218953334e+00
2.426007660272118116e-01 6.850847484299563028e+00
2.434734306532089776e-01 6.913484924016962019e+00
2.443460952792061436e-01 6.977413434796751801e+00
2.452187599052033096e-01 7.042571537064532983e+00
2.460914245312004756e-01 7.108897751245904395e+00
2.469640891571976415e-01 7.176330597766468422e+00
2.478367537831948075e-01 7.244808597051823895e+00
2.487094184091919735e-01 7.314270269527573198e+00
2.495820830351891395e-01 7.384654135619313386e+00
2.504547476611863055e-01 7.455898715752649508e+00
2.513274122871834715e-01 7.527942530353178618e+00
2.522000769131806375e-01 7.600724099846502213e+00
2.530727415391778035e-01 7.674181944658220900e+00
2.539454061651749694e-01 7.748254585213935286e+00
2.548180707911721354e-01 7.822880541939245980e+00
2.556907354171693014e-01 7.897998335259750924e+00
2.565634000431664674e-01 7.973546485601053391e+00
2.574360646691636334e-01 8.049463513388754876e+00
2.583087292951607994e-01 8.125687939048452435e+00
2.591813939211579654e-01 8.202158283005749340e+00
2.600540585471551314e-01 8.278813065686243533e+00
2.609267231731522974e-01 8.355590807515538287e+00
2.617993877991494633e-01 8.432430028919231546e+00
2.626720524251466293e-01 8.509269250322923028e+00
2.635447170511437953e-01 8.586046992152217783e+00
2.644173816771409058e-01 8.662701774832710200e+00
2.652900463031380718e-01 8.739172118790003552e+00
2.661627109291352378e-01 8.815396544449701111e+00
2.670353755551324038e-01 8.891313572237400820e+00
2.679080401811295697e-01 8.966861722578705951e+00
2.687807048071267357e-01 9.041979515899212672e+00
2.696533694331239017e-01 9.116605472624522477e+00
2.705260340591210677e-01 9.190678113180236863e+00
2.713986986851182337e-01 9.264135957991953774e+00
2.722713633111153997e-01 9.336917527485278256e+00
2.731440279371125657e-01 9.408961342085806479e+00
2.740166925631097317e-01 9.480205922219141712e+00
2.748893571891068976e-01 9.550589788310883677e+00
2.757620218151040636e-01 9.620051460786632092e+00
2.766346864411012296e-01 9.688529460071988453e+00
2.775073510670983956e-01 9.755962306592550703e+00
2.783800156930955616e-01 9.822288520773923892e+00
2.792526803190927276e-01 9.887446623041704186e+00
2.801253449450898936e-01 9.951375133821493080e+00
2.809980095710870596e-01 1.001401257353889207e+01
2.818706741970842256e-01 1.007529746261950265e+01
2.827433388230813915e-01 1.013516832148892277e+01
2.836160034490785575e-01 1.019356367057275037e+01
2.844886680750757235e-01 1.025042203029659760e+01
2.853613327010728895e-01 1.030568192108604819e+01
2.862339973270700555e-01 1.035928186336671786e+01
2.871066619530672215e-01 1.041116037756419743e+01
2.879793265790643875e-01 1.046125598410408841e+01
2.888519912050615535e-01 1.050950720341199407e+01
2.897246558310587194e-01 1.055585255591351590e+01
2.905973204570558854e-01 1.060023056203425007e+01
2.914699850830530514e-01 1.064257974219979985e+01
2.923426497090502174e-01 1.068283861683576497e+01
2.932153143350473834e-01 1.072094570636775046e+01
2.940879789610445494e-01 1.075683953122134895e+01
2.949606435870417154e-01 1.079045861182216370e+01
2.958333082130388814e-01 1.082174146859579800e+01
2.967059728390360474e-01 1.085062662196784622e+01
2.975786374650332133e-01 1.087705259236391342e+01
2.984513020910303793e-01 1.090095790020960465e+01
2.993239667170275453e-01 1.092228106593051074e+01
3.001966313430247113e-01 1.094096060995223674e+01
3.010692959690218773e-01 1.095693505270038770e+01
3.019419605950190433e-01 1.097014291460055269e+01
3.028146252210162093e-01 1.098052271607834385e+01
3.036872898470133753e-01 1.098801297755935380e+01
3.045599544730105412e-01 1.099255221946918581e+01
3.054326190990076517e-01 1.099407896223344139e+01
3.063052837250048177e-01 1.099372658444569595e+01
3.071779483510019837e-01 1.099267541052169861e+01
3.080506129769991497e-01 1.099093437962030961e+01
3.089232776029963157e-01 1.098851243090039098e+01
3.097959422289934817e-01 1.098541850352080296e+01
3.106686068549906476e-01 1.098166153664040401e+01
3.115412714809878136e-01 1.097725046941805793e+01
3.124139361069849796e-01 1.097219424101262319e+01
3.132866007329821456e-01 1.096650179058296182e+01
3.141592653589793116e-01 1.096018205728793227e+01
3.150319299849764776e-01 1.095324398028639479e+01
3.159045946109736436e-01 1.094569649873721318e+01
3.167772592369708096e-01 1.093754855179924590e+01
3.176499238629679756e-01 1.092880907863135498e+01
3.185225884889651415e-01 1.091948701839239710e+01
3.193952531149623075e-01 1.090959131024123607e+01
3.202679177409594735e-01 1.089913089333673213e+01
3.211405823669566395e-01 1.088811470683774729e+01
3.220132469929538055e-01 1.087655168990313825e+01
3.228859116189509715e-01 1.086445078169176881e+01
3.237585762449481375e-01 1.085182092136249743e+01
3.246312408709453035e-01 1.083867104807418613e+01
3.255039054969424694e-01 1.082501010098569338e+01
3.263765701229396354e-01 1.081084701925588298e+01
3.272492347489368014e-01 1.079619074204361340e+01
3.281218993749339674e-01 1.078105020850774487e+01
3.289945640009311334e-01 1.076543435780713942e+01
3.298672286269282994e-01 1.074935212910065552e+01
3.307398932529254654e-01 1.073281246154715518e+01
3.316125578789226314e-01 1.071582429430549865e+01
3.324852225049197973e-01 1.069839656653454796e+01
3.333578871309169633e-01 1.068053821739316156e+01
3.342305517569141293e-01 1.066225818604019970e+01
3.351032163829112953e-01 1.064356541163452619e+01
3.359758810089084613e-01 1.062446883333499592e+01
3.368485456349056273e-01 1.060497739030047448e+01
3.377212102609027933e-01 1.058510002168982211e+01
3.385938748868999593e-01 1.056484566666189551e+01
3.394665395128971253e-01 1.054422326437555846e+01
3.403392041388942912e-01 1.052324175398967121e+01
3.412118687648914572e-01 1.050191007466309401e+01
3.420845333908886232e-01 1.048023716555468710e+01
3.429571980168857892e-01 1.045823196582331072e+01
3.438298626428829552e-01 1.043590341462782689e+01
3.447025272688801212e-01 1.041326045112709409e+01
3.455751918948772317e-01 1.039031201447997788e+01
3.464478565208743976e-01 1.036706704384532962e+01
3.473205211468715636e-01 1.034353447838201845e+01
3.481931857728687296e-01 1.031972325724889750e+01
3.490658503988658956e-01 1.029564231960483411e+01
3.499385150248630616e-01 1.027130060460868677e+01
3.508111796508602276e-01 1.024670705141931393e+01
3.516838442768573936e-01 1.022187059919557939e+01
3.525565089028545596e-01 1.019680018709633984e+01
3.534291735288517255e-01 1.017150475428045731e+01
3.543018381548488915e-01 1.014599323990679380e+01
3.551745027808460575e-01 1.012027458313420958e+01
3.560471674068432235e-01 1.009435772312156310e+01
3.569198320328403895e-01 1.006825159902771816e+01
3.577924966588375555e-01 1.004196515001153145e+01
3.586651612848347215e-01 1.001550731523186855e+01
3.595378259108318875e-01 9.988887033847586139e+00
3.604104905368290535e-01 9.962113245017542695e+00
3.612831551628262194e-01 9.935194887900605565e+00
3.621558197888233854e-01 9.908140901655629662e+00
3.630284844148205514e-01 9.880960225441477007e+00
3.639011490408177174e-01 9.853661798417009621e+00
3.647738136668148834e-01 9.826254559741085970e+00
3.656464782928120494e-01 9.798747448572568075e+00
3.665191429188092154e-01 9.771149404070314404e+00
3.673918075448063814e-01 9.743469365393188752e+00
3.682644721708035473e-01 9.715716271700049589e+00
3.691371367968007133e-01 9.687899062149757157e+00
3.700098014227978793e-01 9.660026675901175253e+00
3.708824660487950453e-01 9.632108052113158791e+00
3.717551306747922113e-01 9.604152129944571570e+00
3.726277953007893773e-01 9.576167848554275608e+00
3.735004599267865433e-01 9.548164147101129373e+00
3.743731245527837093e-01 9.520149964743994886e+00
3.752457891787808753e-01 9.492134240641728837e+00
3.761184538047780412e-01 9.464125913953196800e+00
3.769911184307752072e-01 9.436133923837255466e+00
3.778637830567723732e-01 9.408167209452768631e+00
3.787364476827695392e-01 9.380234709958592987e+00
3.796091123087667052e-01 9.352345364513594106e+00
3.804817769347638712e-01 9.324508112276628680e+00
3.813544415607610372e-01 9.296731892406558728e+00
3.822271061867582032e-01 9.269025644062242719e+00
3.830997708127553691e-01 9.241398306402544449e+00
3.839724354387525351e-01 9.213858818586322386e+00
3.848451000647497011e-01 9.186416119772436772e+00
3.857177646907468671e-01 9.159079149119749630e+00
3.865904293167439776e-01 9.131856845787122978e+00
3.874630939427411436e-01 9.104758148933413509e+00
3.883357585687383096e-01 9.077791997717483241e+00
3.892084231947354755e-01 9.050967331298192420e+00
3.900810878207326415e-01 9.024293088834403065e+00
3.909537524467298075e-01 8.997778209484973644e+00
3.918264170727269735e-01 8.971431632408767953e+00
3.926990816987241395e-01 8.945262296764642684e+00
3.935717463247213055e-01 8.918894020357621244e+00
3.944444109507184715e-01 8.891952447585117270e+00
3.953170755767156375e-01 8.864449257494571910e+00
3.961897402027128035e-01 8.836396129133431643e+00
3.970624048287099694e-01 8.807804741549141170e+00
3.979350694547071354e-01 8.778686773789143416e+00
3.988077340807043014e-01 8.749053904900886636e+00
3.996803987067014674e-01 8.718917813931810201e+00
4.005530633326986334e-01 8.688290179929365920e+00
4.014257279586957994e-01 8.657182681940989610e+00
4.022983925846929654e-01 8.625606999014134857e+00
4.031710572106901314e-01 8.593574810196239255e+00
4.040437218366872973e-01 8.561097794534751060e+00
4.049163864626844633e-01 8.528187631077114972e+00
4.057890510886816293e-01 8.494855998870773917e+00
4.066617157146787953e-01 8.461114576963176148e+00
4.075343803406759613e-01 8.426975044401761039e+00
4.084070449666731273e-01 8.392449080233976844e+00
4.092797095926702933e-01 8.357548363507268263e+00
4.101523742186674593e-01 8.322284573269078223e+00
4.110250388446646252e-01 8.286669388566851424e+00
4.118977034706617912e-01 8.250714488448034345e+00
4.127703680966589572e-01 8.214431551960069910e+00
4.136430327226561232e-01 8.177832258150402822e+00
4.145156973486532892e-01 8.140928286066479558e+00
4.153883619746504552e-01 8.103731314755743043e+00
4.162610266006476212e-01 8.066253023265637978e+00
4.171336912266447872e-01 8.028505090643612618e+00
4.180063558526419532e-01 7.990499195937106336e+00
4.188790204786391191e-01 7.952247018193564720e+00
4.197516851046362851e-01 7.913760236460435138e+00
4.206243497306334511e-01 7.875050529785160514e+00
4.214970143566306171e-01 7.836129577215185549e+00
4.223696789826277831e-01 7.797009057797956721e+00
4.232423436086249491e-01 7.757700650580915180e+00
4.241150082346221151e-01 7.718216034611508292e+00
4.249876728606192811e-01 7.678566888937178980e+00
4.258603374866164470e-01 7.638764892605373724e+00
4.267330021126135575e-01 7.598821724663539001e+00
4.276056667386107235e-01 7.558749064159115072e+00
4.284783313646078895e-01 7.518558590139546638e+00
4.293509959906050555e-01 7.478261981652281953e+00
4.302236606166022215e-01 7.437870917744761279e+00
4.310963252425993875e-01 7.397397077464433757e+00
4.319689898685965534e-01 7.356852139858741424e+00
4.328416544945937194e-01 7.316247783975130758e+00
4.337143191205908854e-01 7.275595688861042909e+00
4.345869837465880514e-01 7.234907533563926130e+00
4.354596483725852174e-01 7.194194997131225122e+00
4.363323129985823834e-01 7.153469758610381035e+00
4.372049776245795494e-01 7.112743497048841235e+00
4.380776422505767154e-01 7.072027891494051310e+00
4.389503068765738814e-01 7.031334620993453299e+00
4.398229715025710473e-01 6.990675364594493679e+00
4.406956361285682133e-01 6.950061801344616264e+00
4.415683007545653793e-01 6.909505610291265754e+00
4.424409653805625453e-01 6.869018470481886851e+00
4.433136300065597113e-01 6.828612060963924257e+00
4.441862946325568773e-01 6.788298060784822674e+00
4.450589592585540433e-01 6.748088148992027691e+00
4.459316238845512093e-01 6.707994004632984009e+00
4.468042885105483752e-01 6.668027306755132777e+00
4.476769531365455412e-01 6.628199734405923138e+00
4.485496177625427072e-01 6.588522966632796241e+00
4.494222823885398732e-01 6.549008682483200339e+00
4.502949470145370392e-01 6.509668561004577469e+00
4.511676116405342052e-01 6.470514281244372334e+00
4.520402762665313712e-01 6.431557522250029635e+00
4.529129408925285372e-01 6.392809963068996737e+00
4.537856055185257032e-01 6.354283282748714790e+00
4.546582701445228691e-01 6.315989160336629382e+00
4.555309347705200351e-01 6.277939274880186993e+00
4.564035993965172011e-01 6.240145305426829658e+00
4.572762640225143671e-01 6.202618931024003857e+00
4.581489286485115331e-01 6.165371830719154289e+00
4.590215932745086991e-01 6.128415683559723881e+00
4.598942579005058651e-01 6.091762168593159110e+00
4.607669225265030311e-01 6.055422964866903790e+00
4.616395871525001970e-01 6.019409751428403510e+00
4.625122517784973630e-01 5.983734207325101195e+00
4.633849164044945290e-01 5.948408011604442436e+00
4.642575810304916950e-01 5.913442843313871933e+00
4.651302456564888610e-01 5.878850381500834388e+00
4.660029102824860270e-01 5.844642305212775391e+00
4.668755749084831930e-01 5.810830293497136978e+00
4.677482395344803034e-01 5.777426025401370069e+00
4.686209041604774694e-01 5.744441179972911371e+00
4.694935687864746354e-01 5.711887436259207362e+00
4.703662334124718014e-01 5.679776473307705409e+00
4.712388980384689674e-01 5.648119970165849324e+00
4.721115626644661334e-01 5.616929605881083809e+00
4.729842272904632994e-01 5.586217059500852677e+00
4.738568919164604654e-01 5.555994010072600631e+00
4.747295565424576314e-01 5.526272136643773258e+00
4.756022211684547973e-01 5.497063118261813486e+00
4.764748857944519633e-01 5.468378633974168679e+00
4.773475504204491293e-01 5.440230362828281763e+00
4.782202150464462953e-01 5.412629983871597439e+00
4.790928796724434613e-01 5.385589176151560409e+00
4.799655442984406273e-01 5.359119618715616262e+00
4.808382089244377933e-01 5.332989873425060701e+00
4.817108735504349593e-01 5.306960932632486028e+00
4.825835381764321252e-01 5.281033121122279184e+00
4.834562028024292912e-01 5.255206763678824444e+00
4.843288674284264572e-01 5.229482185086510526e+00
4.852015320544236232e-01 5.203859710129721705e+00
4.860741966804207892e-01 5.178339663592844921e+00
4.869468613064179552e-01 5.152922370260266227e+00
4.878195259324151212e-01 5.127608154916372563e+00
4.886921905584122872e-01 5.102397342345549092e+00
4.895648551844094531e-01 5.077290257332182755e+00
4.904375198104066191e-01 5.052287224660659604e+00
4.913101844364037851e-01 5.027388569115366579e+00
4.921828490624009511e-01 5.002594615480687956e+00
4.930555136883981171e-01 4.977905688541012452e+00
4.939281783143952831e-01 4.953322113080725231e+00
4.948008429403924491e-01 4.928844213884212344e+00
4.956735075663896151e-01 4.904472315735858956e+00
4.965461721923867811e-01 4.880206743420053783e+00
4.974188368183839470e-01 4.856047821721181101e+00
4.982915014443811130e-01 4.831995875423628739e+00
4.991641660703782790e-01 4.808051229311780084e+00
5.000368306963753895e-01 4.784214208170026517e+00
5.009094953223726110e-01 4.760485136782747873e+00
5.017821599483697215e-01 4.736864339934335533e+00
5.026548245743669430e-01 4.713352142409171108e+00
5.035274892003640534e-01 4.689948868991647757e+00
5.044001538263612749e-01 4.666654844466143537e+00
5.052728184523583854e-01 4.643470393617050718e+00
5.061454830783556069e-01 4.620395841228752687e+00
5.070181477043527174e-01 4.597431512085637273e+00
5.078908123303499389e-01 4.574577730972087863e+00
5.087634769563470494e-01 4.551834822672494951e+00
5.096361415823442709e-01 4.529203111971241036e+00
5.105088062083413813e-01 4.506682923652715722e+00
5.113814708343386028e-01 4.484274582501300621e+00
5.122541354603357133e-01 4.461978413301387114e+00
5.131268000863329348e-01 4.439794740837357701e+00
5.139994647123300453e-01 4.417723889893601985e+00
5.148721293383272668e-01 4.395766185254500691e+00
5.157447939643243773e-01 4.373921951704446975e+00
5.166174585903215988e-01 4.352191514027821562e+00
5.174901232163187093e-01 4.330575197009014055e+00
5.183627878423159308e-01 4.309073325432408730e+00
5.192354524683130412e-01 4.287686224082394304e+00
5.201081170943102627e-01 4.266414217743351500e+00
5.209807817203073732e-01 4.245257631199673476e+00
5.218534463463045947e-01 4.224216789235741842e+00
5.227261109723017052e-01 4.203292016635946204e+00
5.235987755982989267e-01 4.182483638184667285e+00
5.244714402242960372e-01 4.161791978666298242e+00
5.253441048502932587e-01 4.141217362865220686e+00
5.262167694762903691e-01 4.120760115565824222e+00
5.270894341022875906e-01 4.100420561552488685e+00
5.279620987282847011e-01 4.080199025609609009e+00
5.288347633542818116e-01 4.060095832521566805e+00
5.297074279802790331e-01 4.040111307072745461e+00
5.305800926062761436e-01 4.020245774047537246e+00
5.314527572322733651e-01 4.000499558230322883e+00
5.323254218582704755e-01 3.980872984405494641e+00
5.331980864842676970e-01 3.961366377357431467e+00
5.340707511102648075e-01 3.941980061870526963e+00
5.349434157362620290e-01 3.922714362729160964e+00
5.358160803622591395e-01 3.903569604717725294e+00
5.366887449882563610e-01 3.884546112620601122e+00
5.375614096142534715e-01 3.865644211222179383e+00
5.384340742402506930e-01 3.846864225306841689e+00
5.393067388662478034e-01 3.828206479658978978e+00
5.401794034922450249e-01 3.809671299062972860e+00
5.410520681182421354e-01 3.791259008303214717e+00
5.419247327442393569e-01 3.772969932164084383e+00
5.427973973702364674e-01 3.754804395429974573e+00
5.436700619962336889e-01 3.736762722885267340e+00
5.445427266222307994e-01 3.718845239314351403e+00
5.454153912482280209e-01 3.701052269501608816e+00
5.462880558742251313e-01 3.683384138231432292e+00
5.471607205002223528e-01 3.665841170288202111e+00
5.480333851262194633e-01 3.648423690456308766e+00
5.489060497522166848e-01 3.631132023520134755e+00
5.497787143782137953e-01 3.613966494264070572e+00
5.506513790042110168e-01 3.596927427472497385e+00
5.515240436302081273e-01 3.580015147929807018e+00
5.523967082562053488e-01 3.563229980420380194e+00
5.532693728822024593e-01 3.546572249728608295e+00
5.541420375081996808e-01 3.530042280638873375e+00
5.550147021341967912e-01 3.513640397935565041e+00
5.558873667601940127e-01 3.497366926403065346e+00
5.567600313861911232e-01 3.481222190825765672e+00
5.576326960121883447e-01 3.465206515988047631e+00
5.585053606381854552e-01 3.449320226674301715e+00
5.593780252641826767e-01 3.433563647668909979e+00
5.602506898901797872e-01 3.417937103756262029e+00
5.611233545161770087e-01 3.402440919720741253e+00
5.619960191421741191e-01 3.387075420346736809e+00
5.628686837681713406e-01 3.371840930418632087e+00
5.637413483941684511e-01 3.356737774720816248e+00
5.646140130201656726e-01 3.341766278037672233e+00
5.654866776461627831e-01 3.326926765153589649e+00
5.663593422721600046e-01 3.312219560852951883e+00
5.672320068981571151e-01 3.297644989920147651e+00
5.681046715241543366e-01 3.283206626832605668e+00
5.689773361501514470e-01 3.268906349642149767e+00
5.698500007761485575e-01 3.254741938494746911e+00
5.707226654021457790e-01 3.240711173536365841e+00
5.715953300281428895e-01 3.226811834912978849e+00
5.724679946541401110e-01 3.213041702770551122e+00
5.733406592801372215e-01 3.199398557255056730e+00
5.742133239061344430e-01 3.185880178512460859e+00
5.750859885321315534e-01 3.172484346688736245e+00
5.759586531581287749e-01 3.159208841929848521e+00
5.768313177841258854e-01 3.146051444381770867e+00
5.777039824101231069e-01 3.133009934190469359e+00
5.785766470361202174e-01 3.120082091501917176e+00
5.794493116621174389e-01 3.107265696462079507e+00
5.803219762881145494e-01 3.094558529216929088e+00
5.811946409141117709e-01 3.081958369912432438e+00
5.820673055401088813e-01 3.069462998694561850e+00
5.829399701661061028e-01 3.057070195709282956e+00
5.838126347921032133e-01 3.044777741102569824e+00
5.846852994181004348e-01 3.032583415020386752e+00
5.855579640440975453e-01 3.020484997608707367e+00
5.864306286700947668e-01 3.008480269013497743e+00
5.873032932960918773e-01 2.996567009380731061e+00
5.881759579220890988e-01 2.984742998856372065e+00
5.890486225480862092e-01 2.973006017586393490e+00
5.899212871740834307e-01 2.961353845716762745e+00
5.907939518000805412e-01 2.949784263393451234e+00
5.916666164260777627e-01 2.938295050762425920e+00
5.925392810520748732e-01 2.926883987969658207e+00
5.934119456780720947e-01 2.915548855161115505e+00
5.942846103040692052e-01 2.904287432482770104e+00
5.951572749300664267e-01 2.893097500080587636e+00
5.960299395560635372e-01 2.881976838100540395e+00
5.969026041820607587e-01 2.870923226688595342e+00
5.977752688080578691e-01 2.859934445990725216e+00
5.986479334340550906e-01 2.849008276152895203e+00
5.995205980600522011e-01 2.838142497321078039e+00
6.003932626860494226e-01 2.827334889641241134e+00
6.012659273120465331e-01 2.816583233259355001e+00
6.021385919380437546e-01 2.805885308321387939e+00
6.030112565640408651e-01 2.795238894973310906e+00
6.038839211900380866e-01 2.784641773361090422e+00
6.047565858160351970e-01 2.774091723630699224e+00
6.056292504420324185e-01 2.763586525928103832e+00
6.065019150680295290e-01 2.753123960399276093e+00
6.073745796940267505e-01 2.742701807190182528e+00
6.082472443200238610e-01 2.732317846446795873e+00
6.091199089460210825e-01 2.721969858315082202e+00
6.099925735720181930e-01 2.711655622941013366e+00
6.108652381980153034e-01 2.701372920470557215e+00
6.117379028240125249e-01 2.691119531049682934e+00
6.126105674500096354e-01 2.680893234824361482e+00
6.134832320760068569e-01 2.670691811940560267e+00
6.143558967020039674e-01 2.660513042544250695e+00
6.152285613280011889e-01 2.650354706781399283e+00
6.161012259539982994e-01 2.640214584797979658e+00
6.169738905799955209e-01 2.630090456739956117e+00
6.178465552059926313e-01 2.619980102753302731e+00
6.187192198319898528e-01 2.609881302983984686e+00
6.195918844579869633e-01 2.599791837577974718e+00
6.204645490839841848e-01 2.589709486681239792e+00
6.213372137099812953e-01 2.579632030439751311e+00
6.222098783359785168e-01 2.569557248999476240e+00
6.230825429619756273e-01 2.559482922506386871e+00
6.239552075879728488e-01 2.549406831106448834e+00
6.248278722139699592e-01 2.539326754945635312e+00
6.257005368399671807e-01 2.529240474169912822e+00
6.265732014659642912e-01 2.519145768925253215e+00
6.274458660919615127e-01 2.509040419357622564e+00
6.283185307179586232e-01 2.498922205612993608e+00
6.291911953439558447e-01 2.488788907837332864e+00
6.300638599699529552e-01 2.478638306176613071e+00
6.309365245959501767e-01 2.468468180776799414e+00
6.318091892219472872e-01 2.458276311783865520e+00
6.326818538479445087e-01 2.448060479343776574e+00
6.335545184739416191e-01 2.437818463602505314e+00
6.344271830999388406e-01 2.427548044706018260e+00
6.352998477259359511e-01 2.417247002800288147e+00
6.361725123519331726e-01 2.406913118031280607e+00
6.370451769779302831e-01 2.396544170544967933e+00
6.379178416039275046e-01 2.386137940487317533e+00
6.387905062299246151e-01 2.375692208004300365e+00
6.396631708559218366e-01 2.365204753241883839e+00
6.405358354819189470e-01 2.354673356346039803e+00
6.414085001079161685e-01 2.344095797462734776e+00
6.422811647339132790e-01 2.333469856737941495e+00
6.431538293599105005e-01 2.322793314317625146e+00
6.440264939859076110e-01 2.312063950347759356e+00
6.448991586119048325e-01 2.301279544974310198e+00
6.457718232379019430e-01 2.290437878343249967e+00
6.466444878638991645e-01 2.279536730600544292e+00
6.475171524898962749e-01 2.268573881892165911e+00
6.483898171158934964e-01 2.257547112364081787e+00
6.492624817418906069e-01 2.246454202162263769e+00
6.501351463678877174e-01 2.235292931432679264e+00
6.510078109938849389e-01 2.224061080321297013e+00
6.518804756198820494e-01 2.212756428974088863e+00
6.527531402458792709e-01 2.201376757537021778e+00
6.536258048718763813e-01 2.189919846156066718e+00
6.544984694978736028e-01 2.178383474977191536e+00
6.553711341238707133e-01 2.166758674279277042e+00
6.562437987498679348e-01 2.155039725728092215e+00
6.571164633758650453e-01 2.143229286549951595e+00
6.579891280018622668e-01 2.131330013971162618e+00
6.588617926278593773e-01 2.119344565218038934e+00
6.597344572538565988e-01 2.107275597516887977e+00
6.606071218798537092e-01 2.095125768094022956e+00
6.614797865058509307e-01 2.082897734175753524e+00
6.623524511318480412e-01 2.070594152988391556e+00
6.632251157578452627e-01 2.058217681758245376e+00
6.640977803838423732e-01 2.045770977711629079e+00
6.649704450098395947e-01 2.033256698074849211e+00
6.658431096358367052e-01 2.020677500074220756e+00
6.667157742618339267e-01 2.008036040936050259e+00
6.675884388878310371e-01 1.995334977886652705e+00
6.684611035138282586e-01 1.982576968152334640e+00
6.693337681398253691e-01 1.969764668959410603e+00
6.702064327658225906e-01 1.956900737534187362e+00
6.710790973918197011e-01 1.943987831102979902e+00
6.719517620178169226e-01 1.931028606892094546e+00
6.728244266438140331e-01 1.918025722127846056e+00
6.736970912698112546e-01 1.904981834036541644e+00
6.745697558958083651e-01 1.891899599844495405e+00
6.754424205218055866e-01 1.878781676778014331e+00
6.763150851478026970e-01 1.865630722063412961e+00
6.771877497737999185e-01 1.852449392926998062e+00
6.780604143997970290e-01 1.839240346595084175e+00
6.789330790257942505e-01 1.826006240293978511e+00
6.798057436517913610e-01 1.812749731249995166e+00
6.806784082777885825e-01 1.799473476689441354e+00
6.815510729037856930e-01 1.786180133838631390e+00
6.824237375297829145e-01 1.772872359923872265e+00
6.832964021557800249e-01 1.759552812171478520e+00
6.841690667817772464e-01 1.746224147807756921e+00
6.850417314077743569e-01 1.732889024059021565e+00
6.859143960337715784e-01 1.719550098151580553e+00
6.867870606597686889e-01 1.706210027311747091e+00
6.876597252857659104e-01 1.692871468765829057e+00
6.885323899117630209e-01 1.679537079740140104e+00
6.894050545377602424e-01 1.666209517460987888e+00
6.902777191637573528e-01 1.652891439154686504e+00
6.911503837897544633e-01 1.639585502047544718e+00
6.920230484157516848e-01 1.626294363365871742e+00
6.928957130417487953e-01 1.613020680335981449e+00
6.937683776677460168e-01 1.599767110184181496e+00
6.946410422937431273e-01 1.586536310136785533e+00
6.955137069197403488e-01 1.573330937420100994e+00
6.963863715457374592e-01 1.560153649260442421e+00
6.972590361717346807e-01 1.547007102884116581e+00
6.981317007977317912e-01 1.533893955517438012e+00
6.990043654237290127e-01 1.520816864386713485e+00
6.998770300497261232e-01 1.507778486718257538e+00
7.007496946757233447e-01 1.494781479738377383e+00
7.016223593017204552e-01 1.481828500673387117e+00
7.024950239277176767e-01 1.468922206749593729e+00
7.033676885537147871e-01 1.456065255193311758e+00
7.042403531797120086e-01 1.443260303230848196e+00
7.051130178057091191e-01 1.430510008088517582e+00
7.059856824317063406e-01 1.417817026992626905e+00
7.068583470577034511e-01 1.405184017169489818e+00
7.077310116837006726e-01 1.392613635845414644e+00
7.086036763096977831e-01 1.380108540246714588e+00
7.094763409356950046e-01 1.367671387599697530e+00
7.103490055616921151e-01 1.355304835130676899e+00
7.112216701876893366e-01 1.343011540065961240e+00
7.120943348136864470e-01 1.330794159631863316e+00
7.129669994396836685e-01 1.318655351054691005e+00
7.138396640656807790e-01 1.306597771560758403e+00
7.147123286916780005e-01 1.294624078376372944e+00
7.155849933176751110e-01 1.282736928727848058e+00
7.164576579436723325e-01 1.270938979841492067e+00
7.173303225696694430e-01 1.259232888943618178e+00
7.182029871956666645e-01 1.247621313260534270e+00
7.190756518216637749e-01 1.236106910018554439e+00
7.199483164476609964e-01 1.224692336443985452e+00
7.208209810736581069e-01 1.213380249763141849e+00
7.216936456996553284e-01 1.202173307202330843e+00
7.225663103256524389e-01 1.191074165987866751e+00
7.234389749516496604e-01 1.180085483346056341e+00
7.243116395776467709e-01 1.169209916503214153e+00
7.251843042036439924e-01 1.158450122685647177e+00
7.260569688296411028e-01 1.147808759119669952e+00
7.269296334556383243e-01 1.137288483031589692e+00
7.278022980816354348e-01 1.126891951647719825e+00
7.286749627076326563e-01 1.116621822194368896e+00
7.295476273336297668e-01 1.106480751897849446e+00
7.304202919596269883e-01 1.096471397984470464e+00
7.312929565856240988e-01 1.086596417680544491e+00
7.321656212116212092e-01 1.076858468212381181e+00
7.330382858376184307e-01 1.067260206806290190e+00
7.339109504636155412e-01 1.057804290688584503e+00
7.347836150896127627e-01 1.048493377085572442e+00
7.356562797156098732e-01 1.039330123223566993e+00
7.365289443416070947e-01 1.030317186328876700e+00
7.374016089676042052e-01 1.021457223627814326e+00
7.382742735936014267e-01 1.012752892346688638e+00
7.391469382195985371e-01 1.004206849711812621e+00
7.400196028455957586e-01 9.958217529494939324e-01
7.408922674715928691e-01 9.876002592860465557e-01
7.417649320975900906e-01 9.795450259477784805e-01
7.426375967235872011e-01 9.715842926889746156e-01
7.435102613495844226e-01 9.636449125253068182e-01
7.443829259755815331e-01 9.557274625751733810e-01
7.452555906015787546e-01 9.478325199569692661e-01
7.461282552275758650e-01 9.399606617890927662e-01
7.470009198535730865e-01 9.321124651899388436e-01
7.478735844795701970e-01 9.242885072779056799e-01
7.487462491055674185e-01 9.164893651713884593e-01
7.496189137315645290e-01 9.087156159887855855e-01
7.504915783575617505e-01 9.009678368484915767e-01
7.513642429835588610e-01 8.932466048689050586e-01
7.522369076095560825e-01 8.855524971684208824e-01
7.531095722355531930e-01 8.778860908654374517e-01
7.539822368615504145e-01 8.702479630783493958e-01
7.548549014875475249e-01 8.626386909255554514e-01
7.557275661135447464e-01 8.550588515254502475e-01
7.566002307395418569e-01 8.475090219964324101e-01
7.574728953655390784e-01 8.399897794568964571e-01
7.583455599915361889e-01 8.325017010252412364e-01
7.592182246175334104e-01 8.250453638198611550e-01
7.600908892435305209e-01 8.176213449591550608e-01
7.609635538695277424e-01 8.102302215615173608e-01
7.618362184955248528e-01 8.028725707453467919e-01
7.627088831215220743e-01 7.955489696290379831e-01
7.635815477475191848e-01 7.882599953309895602e-01
7.644542123735164063e-01 7.810062249695961523e-01
7.653268769995135168e-01 7.737882356632563852e-01
7.661995416255107383e-01 7.666066045303648879e-01
7.670722062515078488e-01 7.594619086893201754e-01
7.679448708775050703e-01 7.523547252585170986e-01
7.688175355035021807e-01 7.452856313563541724e-01
7.696902001294994022e-01 7.382552041012260258e-01
7.705628647554965127e-01 7.312640206115312846e-01
7.714355293814937342e-01 7.243126580056646890e-01
7.723081940074908447e-01 7.174016934020246428e-01
7.731808586334879552e-01 7.105317039190068851e-01
7.740535232594851767e-01 7.037032666750071552e-01
7.749261878854822871e-01 6.969169587884239681e-01
7.757988525114795086e-01 6.901733573776519526e-01
7.766715171374766191e-01 6.834730395610897347e-01
7.775441817634738406e-01 6.768165824571320544e-01
7.784168463894709511e-01 6.702045631841774265e-01
7.792895110154681726e-01 6.636375588606204801e-01
7.801621756414652831e-01 6.571161466048598410e-01
7.810348402674625046e-01 6.506409035352902492e-01
7.819075048934596150e-01 6.442124067703103307e-01
7.827801695194568365e-01 6.378312334283146035e-01
7.836528341454539470e-01 6.314979606277015822e-01
7.845254987714511685e-01 6.252131654868662292e-01
7.853981633974482790e-01 6.189774251242069480e-01
7.862708280234455005e-01 6.127913166581183679e-01
7.871434926494426110e-01 6.066554172069991147e-01
7.880161572754398325e-01 6.005703038892440393e-01
7.888888219014369430e-01 5.945365538232514346e-01
7.897614865274341645e-01 5.885547441274162628e-01
7.906341511534312749e-01 5.826254519201368165e-01
7.915068157794284964e-01 5.767492543198081689e-01
7.923794804054256069e-01 5.709267284448283908e-01
7.932521450314228284e-01 5.651584514135926662e-01
7.941248096574199389e-01 5.594450003444990660e-01
7.949974742834171604e-01 5.537869523559427742e-01
7.958701389094142709e-01 5.481848845663219727e-01
7.967428035354114924e-01 5.426393740940316235e-01
7.976154681614086028e-01 5.371509980574700194e-01
7.984881327874058243e-01 5.317203335750323445e-01
7.993607974134029348e-01 5.263479577651163366e-01
8.002334620394001563e-01 5.210344477461176238e-01
8.011061266653972668e-01 5.157803806364339438e-01
8.019787912913944883e-01 5.105863335544608139e-01
8.028514559173915988e-01 5.054528836185960827e-01
8.037241205433888203e-01 5.003806079472348234e-01
8.045967851693859307e-01 4.953700836587753842e-01
8.054694497953831522e-01 4.904218878716127827e-01
8.063421144213802627e-01 4.855365977041450898e-01
8.072147790473774842e-01 4.807147902747676560e-01
8.080874436733745947e-01 4.759570427018783301e-01
8.089601082993718162e-01 4.712639321038724072e-01
8.098327729253689267e-01 4.666360355991480136e-01
8.107054375513661482e-01 4.620739303061002778e-01
8.115781021773632586e-01 4.575781933431272153e-01
8.124507668033603691e-01 4.531494018286246761e-01
8.133234314293575906e-01 4.487881328809889547e-01
8.141960960553547011e-01 4.444949636186175668e-01
8.150687606813519226e-01 4.402704711599063070e-01
8.159414253073490331e-01 4.361152326232526355e-01
8.168140899333462546e-01 4.320298251270523471e-01
8.176867545593433650e-01 4.280148257897027908e-01
8.185594191853405865e-01 4.240708117295999280e-01
8.194320838113376970e-01 4.201983600651412742e-01
8.203047484373349185e-01 4.163980479147222913e-01
8.211774130633320290e-01 4.126704523967408833e-01
8.220500776893292505e-01 4.090161506295924010e-01
8.229227423153263610e-01 4.054357197316747485e-01
8.237954069413235825e-01 4.019297368213832766e-01
8.246680715673206929e-01 3.984987790171158339e-01
8.255407361933179144e-01 3.951434234372679932e-01
8.264134008193150249e-01 3.918642472002373811e-01
8.272860654453122464e-01 3.886618274244195703e-01
8.281587300713093569e-01 3.855367412282122430e-01
8.290313946973065784e-01 3.824895657300110829e-01
8.299040593233036889e-01 3.794939435243949166e-01
8.307767239493009104e-01 3.765230342832460164e-01
8.316493885752980209e-01 3.735766907409186488e-01
8.325220532012952424e-01 3.706547656317659145e-01
8.333947178272923528e-01 3.677571116901422466e-01
8.342673824532895743e-01 3.648835816504007457e-01
8.351400470792866848e-01 3.620340282468957893e-01
8.360127117052839063e-01 3.592083042139804783e-01
8.368853763312810168e-01 3.564062622860091900e-01
8.377580409572782383e-01 3.536277551973349698e-01
8.386307055832753488e-01 3.508726356823123615e-01
8.395033702092725703e-01 3.481407564752943551e-01
8.403760348352696807e-01 3.454319703106353279e-01
8.412486994612669022e-01 3.427461299226883251e-01
8.421213640872640127e-01 3.400830880458078909e-01
8.429940287132612342e-01 3.374426974143470703e-01
8.438666933392583447e-01 3.348248107626601855e-01
8.447393579652555662e-01 3.322292808251002816e-01
8.456120225912526767e-01 3.296559603360219026e-01
8.464846872172498982e-01 3.271047020297780938e-01
8.473573518432470086e-01 3.245753586407231772e-01
8.482300164692442301e-01 3.220677829032103090e-01
8.491026810952413406e-01 3.195818275515939222e-01
8.499753457212385621e-01 3.171173453202269510e-01
8.508480103472356726e-01 3.146741889434639949e-01
8.517206749732328941e-01 3.122522111556579882e-01
8.525933395992300046e-01 3.098512646911634194e-01
8.534660042252271150e-01 3.074712022843335557e-01
8.543386688512243365e-01 3.051118766695220530e-01
8.552113334772214470e-01 3.027731405810831222e-01
8.560839981032186685e-01 3.004548467533698641e-01
8.569566627292157790e-01 2.981568479207367672e-01
8.578293273552130005e-01 2.958789968175368768e-01
8.587019919812101110e-01 2.936211461781245147e-01
8.595746566072073325e-01 2.913831487368530038e-01
8.604473212332044429e-01 2.891648572280764440e-01
8.613199858592016644e-01 2.869661243861480471e-01
8.621926504851987749e-01 2.847868029454221905e-01
8.630653151111959964e-01 2.826267456402520306e-01
8.639379797371931069e-01 2.804858052049920003e-01
8.648106443631903284e-01 2.783638343739950893e-01
8.656833089891874389e-01 2.762606858816155642e-01
8.665559736151846604e-01 2.741762124622069141e-01
8.674286382411817709e-01 2.721102668501230171e-01
8.683013028671789924e-01 2.700627017797174179e-01
8.691739674931761028e-01 2.680333699853442164e-01
8.700466321191733243e-01 2.660221242013566800e-01
8.709192967451704348e-01 2.640288171621090751e-01
8.717919613711676563e-01 2.620533016019546690e-01
8.726646259971647668e-01 2.600954302552476172e-01
8.735372906231619883e-01 2.581550558563411868e-01
8.744099552491590988e-01 2.562320311395896444e-01
8.752826198751563203e-01 2.543262088393462572e-01
8.761552845011534307e-01 2.524374416899652362e-01
8.770279491271506522e-01 2.505655824257998487e-01
8.779006137531477627e-01 2.487104837812043057e-01
8.787732783791449842e-01 2.468719984905318188e-01
8.796459430051420947e-01 2.450499792881367100e-01
8.805186076311393162e-01 2.432442789083722190e-01
8.813912722571364267e-01 2.414547500855925011e-01
8.822639368831336482e-01 2.396812455541508791e-01
8.831366015091307586e-01 2.379236180484015084e-01
8.840092661351279801e-01 2.361817203026977396e-01
8.848819307611250906e-01 2.344554050513937560e-01
8.857545953871223121e-01 2.327445250288428247e-01
8.866272600131194226e-01 2.310489329693991845e-01
8.874999246391166441e-01 2.293684816074160193e-01
8.883725892651137546e-01 2.277030236772476512e-01
8.892452538911109761e-01 2.260524119132473198e-01
8.901179185171080865e-01 2.244164990497691248e-01
8.909905831431053080e-01 2.227951378211665556e-01
8.918632477691024185e-01 2.211881809617936567e-01
8.927359123950996400e-01 2.195954812060037786e-01
8.936085770210967505e-01 2.180168912881510490e-01
8.944812416470938610e-01 2.164522639425890682e-01
8.953539062730910825e-01 2.149014519036713255e-01
8.962265708990881929e-01 2.133643079057519765e-01
8.970992355250854144e-01 2.118406846831843993e-01
8.979719001510825249e-01 2.103304349703226661e-01
8.988445647770797464e-01 2.088334115015202108e-01
8.997172294030768569e-01 2.073494670111310501e-01
9.005898940290740784e-01 2.058784542335086731e-01
9.014625586550711889e-01 2.044202259030070967e-01
9.023352232810684104e-01 2.029746347539797269e-01
9.032078879070655208e-01 2.015415335207806913e-01
9.040805525330627423e-01 2.001207749377633682e-01
9.049532171590598528e-01 1.987122117392818577e-01
9.058258817850570743e-01 1.973156966596895101e-01
9.066985464110541848e-01 1.959310824333404255e-01
9.075712110370514063e-01 1.945582217945881209e-01
9.084438756630485168e-01 1.931969674777864743e-01
9.093165402890457383e-01 1.918471722172890026e-01
9.101892049150428488e-01 1.905086887474498059e-01
9.110618695410400703e-01 1.891813698026222623e-01
9.119345341670371807e-01 1.878650681171604997e-01
9.128071987930344022e-01 1.865596364254178130e-01
9.136798634190315127e-01 1.852649274617483299e-01
9.145525280450287342e-01 1.839807939605055120e-01
9.154251926710258447e-01 1.827070886560433760e-01
9.162978572970230662e-01 1.814436642827153834e-01
9.171705219230201767e-01 1.801900357346365167e-01
9.180431865490173982e-01 1.789457644231849942e-01
9.189158511750145086e-01 1.777107728586107827e-01
9.197885158010117301e-01 1.764849835511630438e-01
9.206611804270088406e-01 1.752683190110916889e-01
9.215338450530060621e-01 1.740607017486459351e-01
9.224065096790031726e-01 1.728620542740757493e-01
9.232791743050003941e-01 1.716722990976302932e-01
9.241518389309975046e-01 1.704913587295594501e-01
9.250245035569947261e-01 1.693191556801125486e-01
9.258971681829918365e-01 1.681556124595393609e-01
9.267698328089890580e-01 1.670006515780892153e-01
9.276424974349861685e-01 1.658541955460118844e-01
9.285151620609833900e-01 1.647161668735567797e-01
9.293878266869805005e-01 1.635864880709736180e-01
9.302604913129777220e-01 1.624650816485117000e-01
9.311331559389748325e-01 1.613518701164209646e-01
9.320058205649720540e-01 1.602467759849505735e-01
9.328784851909691644e-01 1.591497217643504380e-01
9.337511498169663859e-01 1.580606299648698310e-01
9.346238144429634964e-01 1.569794230967585802e-01
9.354964790689606069e-01 1.559060236702661251e-01
9.363691436949578284e-01 1.548403541956418772e-01
9.372418083209549389e-01 1.537823371831356645e-01
9.381144729469521604e-01 1.527318951429967875e-01
9.389871375729492708e-01 1.516889505854751019e-01
9.398598021989464923e-01 1.506534260208198805e-01
9.407324668249436028e-01 1.496252439592809791e-01
9.416051314509408243e-01 1.486043269111076148e-01
9.424777960769379348e-01 1.475905973865496712e-01
9.433504607029351563e-01 1.465839778958564765e-01
9.442231253289322668e-01 1.455843909492778032e-01
9.450957899549294883e-01 1.445917590570630074e-01
9.459684545809265988e-01 1.436060047294618058e-01
9.468411192069238203e-01 1.426270504767236380e-01
9.477137838329209307e-01 1.416548188090982208e-01
9.485864484589181522e-01 1.406892322368348824e-01
9.494591130849152627e-01 1.397302132701834787e-01
9.503317777109124842e-01 1.387776844193932824e-01
9.512044423369095947e-01 1.378315681947141491e-01
9.520771069629068162e-01 1.368917871063953517e-01
9.529497715889039267e-01 1.359582636646866904e-01
9.538224362149011482e-01 1.350309203798374935e-01
9.546951008408982586e-01 1.341096797620975889e-01
9.555677654668954801e-01 1.331944643217163327e-01
9.564404300928925906e-01 1.322851965689434139e-01
9.573130947188898121e-01 1.313817990140282443e-01
9.581857593448869226e-01 1.304841941672205685e-01
9.590584239708841441e-01 1.295923045387697981e-01
9.599310885968812546e-01 1.287060526389256498e-01
9.608037532228784761e-01 1.278253609779374800e-01
9.616764178488755865e-01 1.269501520660550609e-01
9.625490824748728080e-01 1.260803484135277486e-01
9.634217471008699185e-01 1.252158725306053710e-01
9.642944117268671400e-01 1.243566469275372011e-01
9.651670763528642505e-01 1.235025941145730249e-01
9.660397409788614720e-01 1.226536366019622126e-01
9.669124056048585825e-01 1.218096968999545643e-01
9.677850702308558040e-01 1.209706975187993944e-01
9.686577348568529144e-01 1.201365609687464614e-01
9.695303994828501359e-01 1.193072097600451631e-01
9.704030641088472464e-01 1.184825664029452441e-01
9.712757287348444679e-01 1.176625534076960466e-01
9.721483933608415784e-01 1.168470932845473709e-01
9.730210579868387999e-01 1.160361085437485451e-01
9.738937226128359104e-01 1.152295216955493695e-01
9.747663872388331319e-01 1.144272552501991724e-01
9.756390518648302423e-01 1.136292317179477263e-01
9.765117164908273528e-01 1.128353736090444842e-01
9.773843811168245743e-01 1.120456034337389550e-01
9.782570457428216848e-01 1.112598437022808140e-01
9.791297103688189063e-01 1.104780169249195004e-01
9.800023749948160168e-01 1.097000456119047590e-01
9.808750396208132383e-01 1.089258522734859319e-01
9.817477042468103487e-01 1.081553594199128054e-01
9.826203688728075702e-01 1.073884895614347218e-01
9.834930334988046807e-01 1.066251652083014534e-01
9.843656981248019022e-01 1.058653088707623702e-01
9.852383627507990127e-01 1.051088430590671891e-01
9.861110273767962342e-01 1.043556902834653494e-01
9.869836920027933447e-01 1.036057730542065541e-01
9.878563566287905662e-01 1.028590138815401733e-01
9.887290212547876767e-01 1.021153352757159932e-01
9.896016858807848982e-01 1.013746597469833699e-01
9.904743505067820086e-01 1.006369098055920341e-01
9.913470151327792301e-01 9.990200796179141141e-02
9.922196797587763406e-01 9.916987672583117697e-02
9.930923443847735621e-01 9.844043860796077017e-02
9.939650090107706726e-01 9.771361611842990791e-02
9.948376736367678941e-01 9.698933176748797402e-02
9.957103382627650046e-01 9.626750806538474092e-02
9.965830028887622261e-01 9.554806752236955081e-02
9.974556675147593365e-01 9.483093264869213446e-02
9.983283321407565580e-01 9.411602595460195897e-02
9.992009967667536685e-01 9.340326995034865798e-02
1.000073661392750779e+00 9.269258714618178185e-02
1.000946326018748112e+00 9.198390005235065892e-02
1.001818990644745222e+00 9.127713117910525586e-02
1.002691655270742332e+00 9.057220303669492878e-02
1.003564319896739443e+00 8.986903813536924190e-02
1.004436984522736775e+00 8.916718064525107346e-02
1.005309649148733886e+00 8.846626178527809692e-02
1.006182313774730996e+00 8.776633463892109799e-02
1.007054978400728107e+00 8.706745228965101502e-02
1.007927643026725439e+00 8.636966782093868922e-02
1.008800307652722550e+00 8.567303431625536425e-02
1.009672972278719660e+00 8.497760485907188133e-02
1.010545636904716771e+00 8.428343253285919268e-02
1.011418301530714103e+00 8.359057042108808400e-02
1.012290966156711214e+00 8.289907160722986834e-02
1.013163630782708324e+00 8.220898917475533141e-02
1.014036295408705435e+00 8.152037620713545318e-02
1.014908960034702767e+00 8.083328578784099161e-02
1.015781624660699878e+00 8.014777100034330137e-02
1.016654289286696988e+00 7.946388492811315429e-02
1.017526953912694099e+00 7.878168065462148872e-02
1.018399618538691209e+00 7.810121126333929853e-02
1.019272283164688542e+00 7.742252983773735553e-02
1.020144947790685652e+00 7.674568946128698665e-02
1.021017612416682763e+00 7.607074321745899148e-02
1.021890277042679873e+00 7.539774418972429448e-02
1.022762941668677206e+00 7.472674546155372299e-02
1.023635606294674316e+00 7.405780011641857619e-02
1.024508270920671427e+00 7.339096123778963976e-02
1.025380935546668537e+00 7.272628190913787982e-02
1.026253600172665870e+00 7.206381521393409595e-02
1.027126264798662980e+00 7.140361423564960119e-02
1.027998929424660091e+00 7.074573205775515350e-02
1.028871594050657201e+00 7.009022176372176061e-02
1.029744258676654534e+00 6.943713643702018046e-02
1.030616923302651644e+00 6.878652916112172611e-02
1.031489587928648755e+00 6.813845301949721101e-02
1.032362252554645865e+00 6.749296109561757351e-02
1.033234917180643198e+00 6.685010647295364095e-02
1.034107581806640308e+00 6.620994223497667086e-02
1.034980246432637419e+00 6.557252146515750446e-02
1.035852911058634529e+00 6.493789724696706622e-02
1.036725575684631862e+00 6.430612266387618348e-02
1.037598240310628972e+00 6.367725079935612764e-02
1.038470904936626082e+00 6.305133473687772605e-02
1.039343569562623193e+00 6.242842755991191012e-02
1.040216234188620525e+00 6.180858235192950023e-02
1.041088898814617636e+00 6.119185219640178169e-02
1.041961563440614746e+00 6.057829017679955408e-02
1.042834228066611857e+00 5.996794937659378349e-02
1.043706892692609189e+00 5.936088287925528340e-02
1.044579557318606300e+00 5.875714376825531826e-02
1.045452221944603410e+00 5.815678512706470155e-02
1.046324886570600521e+00 5.755986003915439936e-02
1.047197551196597853e+00 5.696642158799522515e-02
1.048070215822594964e+00 5.637652285705843647e-02
1.048942880448592074e+00 5.579021692981485370e-02
1.049815545074589185e+00 5.520755688973544295e-02
1.050688209700586517e+00 5.462859582029101074e-02
1.051560874326583628e+00 5.405338680495282155e-02
1.052433538952580738e+00 5.348198292719169578e-02
1.053306203578577849e+00 5.291443727047859952e-02
1.054178868204575181e+00 5.235080291828433929e-02
1.055051532830572292e+00 5.179113295408017958e-02
1.055924197456569402e+00 5.123548046133692691e-02
1.056796862082566513e+00 5.068389852352556124e-02
1.057669526708563623e+00 5.013644022411704176e-02
1.058542191334560956e+00 4.959315864658218193e-02
1.059414855960558066e+00 4.905410687439224621e-02
1.060287520586555177e+00 4.851933799101803418e-02
1.061160185212552287e+00 4.798890507993051890e-02
1.062032849838549620e+00 4.746286122460054158e-02
1.062905514464546730e+00 4.694125950849932505e-02
1.063778179090543841e+00 4.642415301509769665e-02
1.064650843716540951e+00 4.591159482786662249e-02
1.065523508342538284e+00 4.540363803027693684e-02
1.066396172968535394e+00 4.490033570579986949e-02
1.067268837594532505e+00 4.440174093790624776e-02
1.068141502220529615e+00 4.390790681006703083e-02
1.069014166846526948e+00 4.341888640575307379e-02
1.069886831472524058e+00 4.293473280843556478e-02
1.070759496098521169e+00 4.245549910158537277e-02
1.071632160724518279e+00 4.198123836867343611e-02
1.072504825350515612e+00 4.151200369317061684e-02
1.073377489976512722e+00 4.104784815854811697e-02
1.074250154602509832e+00 4.058882484827676385e-02
1.075122819228506943e+00 4.013498684582753745e-02
1.075995483854504275e+00 3.968638723467128593e-02
1.076868148480501386e+00 3.924307909827920438e-02
1.077740813106498496e+00 3.880511552012212012e-02
1.078613477732495607e+00 3.837254958367102009e-02
1.079486142358492939e+00 3.794543437239675937e-02
1.080358806984490050e+00 3.752382296977051224e-02
1.081231471610487160e+00 3.710776845926312684e-02
1.082104136236484271e+00 3.669732392434557622e-02
1.082976800862481603e+00 3.629254244848872241e-02
1.083849465488478714e+00 3.589347711516375355e-02
1.084722130114475824e+00 3.550018100784148312e-02
1.085594794740472935e+00 3.511270720999291883e-02
1.086467459366470267e+00 3.473110880508889498e-02
1.087340123992467378e+00 3.435543887660059276e-02
1.088212788618464488e+00 3.398575050799887420e-02
1.089085453244461599e+00 3.362209678275469849e-02
1.089958117870458931e+00 3.326453078433894150e-02
1.090830782496456042e+00 3.291310559622274284e-02
1.091703447122453152e+00 3.256860607898880849e-02
1.092576111748450263e+00 3.223166602369727241e-02
1.093448776374447595e+00 3.190211190953505527e-02
1.094321441000444706e+00 3.157977021568934145e-02
1.095194105626441816e+00 3.126446742134704471e-02
1.096066770252438927e+00 3.095603000569518287e-02
1.096939434878436037e+00 3.065428444792076337e-02
1.097812099504433370e+00 3.035905722721072425e-02
1.098684764130430480e+00 3.007017482275221518e-02
1.099557428756427591e+00 2.978746371373217419e-02
1.100430093382424701e+00 2.951075037933761219e-02
1.101302758008422034e+00 2.923986129875546375e-02
1.102175422634419144e+00 2.897462295117287853e-02
1.103048087260416255e+00 2.871486181577679805e-02
1.103920751886413365e+00 2.846040437175423321e-02
1.104793416512410698e+00 2.821107709829211857e-02
1.105666081138407808e+00 2.796670647457759687e-02
1.106538745764404919e+00 2.772711897979761309e-02
1.107411410390402029e+00 2.749214109313918158e-02
1.108284075016399362e+00 2.726159929378924041e-02
1.109156739642396472e+00 2.703532006093492188e-02
1.110029404268393582e+00 2.681312987376317791e-02
1.110902068894390693e+00 2.659485521146101247e-02
1.111774733520388025e+00 2.638032255321538094e-02
1.112647398146385136e+00 2.616935837821340871e-02
1.113520062772382246e+00 2.596178916564204076e-02
1.114392727398379357e+00 2.575744139468828797e-02
1.115265392024376689e+00 2.555614154453910922e-02
1.116138056650373800e+00 2.535771609438160906e-02
1.117010721276370910e+00 2.516199152340276718e-02
1.117883385902368021e+00 2.496879431078955977e-02
1.118756050528365353e+00 2.477795093572896651e-02
1.119628715154362464e+00 2.458928787740809543e-02
1.120501379780359574e+00 2.440263161501389846e-02
1.121374044406356685e+00 2.421780862773338650e-02
1.122246709032354017e+00 2.403464539475352185e-02
1.123119373658351128e+00 2.385296839526140911e-02
1.123992038284348238e+00 2.367260410844400711e-02
1.124864702910345349e+00 2.349337901348832330e-02
1.125737367536342681e+00 2.331511958958132694e-02
1.126610032162339792e+00 2.313765231591011218e-02
1.127482696788336902e+00 2.296080367166164135e-02
1.128355361414334013e+00 2.278440013602292882e-02
1.129228026040331345e+00 2.260826818818093345e-02
1.130100690666328456e+00 2.243223430732275286e-02
1.130973355292325566e+00 2.225612497263535980e-02
1.131846019918322677e+00 2.207976666330575127e-02
1.132718684544320009e+00 2.190298585852090349e-02
1.133591349170317120e+00 2.172560903746790367e-02
1.134464013796314230e+00 2.154746267933371762e-02
1.135336678422311341e+00 2.136837326330535969e-02
1.136209343048308673e+00 2.118816726856978874e-02
1.137082007674305784e+00 2.100667117431410588e-02
1.137954672300302894e+00 2.082371145972527343e-02
1.138827336926300005e+00 2.063911460399030229e-02
1.139700001552297115e+00 2.045270708629620335e-02
1.140572666178294448e+00 2.026431538582992506e-02
1.141445330804291558e+00 2.007376598177857893e-02
1.142317995430288669e+00 1.988088535332913423e-02
1.143190660056285779e+00 1.968549997966859144e-02
1.144063324682283111e+00 1.948743633998391289e-02
1.144935989308280222e+00 1.928652091346219621e-02
1.145808653934277332e+00 1.908258017929041761e-02
1.146681318560274443e+00 1.887544061665557410e-02
1.147553983186271775e+00 1.866492870474462107e-02
1.148426647812268886e+00 1.845087092274468044e-02
1.149299312438265996e+00 1.823309374984270065e-02
1.150171977064263107e+00 1.801142366522569954e-02
1.151044641690260439e+00 1.778568714808061516e-02
1.151917306316257550e+00 1.755571067759458675e-02
1.152789970942254660e+00 1.732132073295454891e-02
1.153662635568251771e+00 1.708234379334752293e-02
1.154535300194249103e+00 1.683860633796045031e-02
1.155407964820246214e+00 1.658993484598046686e-02
1.156280629446243324e+00 1.633615579659451061e-02
1.157153294072240435e+00 1.607709566898960635e-02
1.158025958698237767e+00 1.581258094235268169e-02
1.158898623324234878e+00 1.554243809587088285e-02
1.159771287950231988e+00 1.526649360873115306e-02
1.160643952576229099e+00 1.498457396012049803e-02
1.161516617202226431e+00 1.469650562922585751e-02
1.162389281828223542e+00 1.440211509523438640e-02
1.163261946454220652e+00 1.410122883733301580e-02
1.164134611080217763e+00 1.379367333470876006e-02
1.165007275706215095e+00 1.347927506654854682e-02
1.165879940332212206e+00 1.315786051203953616e-02
1.166752604958209316e+00 1.282925615036866612e-02
1.167625269584206427e+00 1.249328846072295107e-02
1.168497934210203759e+00 1.214978392228929782e-02
1.169370598836200870e+00 1.179856901425489421e-02
1.170243263462197980e+00 1.143947021580666440e-02
1.171115928088195091e+00 1.107231400613161582e-02
1.171988592714192423e+00 1.069692686441665874e-02
1.172861257340189534e+00 1.031313526984900530e-02
1.173733921966186644e+00 9.920765701615551907e-03
1.174606586592183755e+00 9.519644638903316386e-03
1.175479251218181087e+00 9.109598560899209024e-03
1.176351915844178198e+00 8.690453946790435008e-03
1.177224580470175308e+00 8.262037275763904620e-03
1.178097245096172418e+00 7.824175027006620084e-03
1.178969909722169529e+00 7.245173660051885262e-03
1.179842574348166861e+00 6.438959370819097826e-03
1.180715238974163972e+00 5.473788243074986619e-03
1.181587903600161082e+00 4.417916360585673330e-03
1.182460568226158193e+00 3.339599807117457457e-03
1.183333232852155525e+00 2.307094666436392168e-03
1.184205897478152636e+00 1.388657022309318628e-03
1.185078562104149746e+00 6.525429585022652842e-04
1.185951226730146857e+00 1.670085587815346717e-04
1.186823891356144189e+00 0.000000000000000000e+00
1.187696555982141300e+00 0.000000000000000000e+00
1.188569220608138410e+00 0.000000000000000000e+00
1.189441885234135521e+00 0.000000000000000000e+00
1.190314549860132853e+00 0.000000000000000000e+00
1.191187214486129964e+00 0.000000000000000000e+00
1.192059879112127074e+00 0.000000000000000000e+00
1.192932543738124185e+00 0.000000000000000000e+00
1.193805208364121517e+00 0.000000000000000000e+00
1.194677872990118628e+00 0.000000000000000000e+00
1.195550537616115738e+00 0.000000000000000000e+00
1.196423202242112849e+00 0.000000000000000000e+00
1.197295866868110181e+00 0.000000000000000000e+00
1.198168531494107292e+00 0.000000000000000000e+00
1.199041196120104402e+00 0.000000000000000000e+00
1.199913860746101513e+00 0.000000000000000000e+00
1.200786525372098845e+00 0.000000000000000000e+00
1.201659189998095956e+00 0.000000000000000000e+00
1.202531854624093066e+00 0.000000000000000000e+00
1.203404519250090177e+00 0.000000000000000000e+00
1.204277183876087509e+00 0.000000000000000000e+00
1.205149848502084620e+00 0.000000000000000000e+00
1.206022513128081730e+00 0.000000000000000000e+00
1.206895177754078841e+00 0.000000000000000000e+00
1.207767842380076173e+00 0.000000000000000000e+00
1.208640507006073284e+00 0.000000000000000000e+00
1.209513171632070394e+00 0.000000000000000000e+00
1.210385836258067505e+00 0.000000000000000000e+00
1.211258500884064837e+00 0.000000000000000000e+00
1.212131165510061948e+00 0.000000000000000000e+00
1.213003830136059058e+00 0.000000000000000000e+00
1.213876494762056168e+00 0.000000000000000000e+00
1.214749159388053501e+00 0.000000000000000000e+00
1.215621824014050611e+00 0.000000000000000000e+00
1.216494488640047722e+00 0.000000000000000000e+00
1.217367153266044832e+00 0.000000000000000000e+00
1.218239817892042165e+00 0.000000000000000000e+00
1.219112482518039275e+00 0.000000000000000000e+00
1.219985147144036386e+00 0.000000000000000000e+00
1.220857811770033496e+00 0.000000000000000000e+00
1.221730476396030607e+00 0.000000000000000000e+00
1.222603141022027939e+00 0.000000000000000000e+00
1.223475805648025050e+00 0.000000000000000000e+00
1.224348470274022160e+00 0.000000000000000000e+00
1.225221134900019271e+00 0.000000000000000000e+00
1.226093799526016603e+00 0.000000000000000000e+00
1.226966464152013714e+00 0.000000000000000000e+00
1.227839128778010824e+00 0.000000000000000000e+00
1.228711793404007935e+00 0.000000000000000000e+00
1.229584458030005267e+00 0.000000000000000000e+00
1.230457122656002378e+00 0.000000000000000000e+00
1.231329787281999488e+00 0.000000000000000000e+00
1.232202451907996599e+00 0.000000000000000000e+00
1.233075116533993931e+00 0.000000000000000000e+00
1.233947781159991042e+00 0.000000000000000000e+00
1.234820445785988152e+00 0.000000000000000000e+00
1.235693110411985263e+00 0.000000000000000000e+00
1.236565775037982595e+00 0.000000000000000000e+00
1.237438439663979706e+00 0.000000000000000000e+00
1.238311104289976816e+00 0.000000000000000000e+00
1.239183768915973927e+00 0.000000000000000000e+00
1.240056433541971259e+00 0.000000000000000000e+00
1.240929098167968370e+00 0.000000000000000000e+00
1.241801762793965480e+00 0.000000000000000000e+00
1.242674427419962591e+00 0.000000000000000000e+00
1.243547092045959923e+00 0.000000000000000000e+00
1.244419756671957034e+00 0.000000000000000000e+00
1.245292421297954144e+00 0.000000000000000000e+00
1.246165085923951255e+00 0.000000000000000000e+00
1.247037750549948587e+00 0.000000000000000000e+00
1.247910415175945698e+00 0.000000000000000000e+00
1.248783079801942808e+00 0.000000000000000000e+00
1.249655744427939918e+00 0.000000000000000000e+00
1.250528409053937251e+00 0.000000000000000000e+00
1.251401073679934361e+00 0.000000000000000000e+00
1.252273738305931472e+00 0.000000000000000000e+00
1.253146402931928582e+00 0.000000000000000000e+00
1.254019067557925915e+00 0.000000000000000000e+00
1.254891732183923025e+00 0.000000000000000000e+00
1.255764396809920136e+00 0.000000000000000000e+00
1.256637061435917246e+00 0.000000000000000000e+00
1.257509726061914579e+00 0.000000000000000000e+00
1.258382390687911689e+00 0.000000000000000000e+00
1.259255055313908800e+00 0.000000000000000000e+00
1.260127719939905910e+00 0.000000000000000000e+00
1.261000384565903021e+00 0.000000000000000000e+00
1.261873049191900353e+00 0.000000000000000000e+00
1.262745713817897464e+00 0.000000000000000000e+00
1.263618378443894574e+00 0.000000000000000000e+00
1.264491043069891685e+00 0.000000000000000000e+00
1.265363707695889017e+00 0.000000000000000000e+00
1.266236372321886128e+00 0.000000000000000000e+00
1.267109036947883238e+00 0.000000000000000000e+00
1.267981701573880349e+00 0.000000000000000000e+00
1.268854366199877681e+00 0.000000000000000000e+00
1.269727030825874792e+00 0.000000000000000000e+00
1.270599695451871902e+00 0.000000000000000000e+00
1.271472360077869013e+00 0.000000000000000000e+00
1.272345024703866345e+00 0.000000000000000000e+00
1.273217689329863456e+00 0.000000000000000000e+00
1.274090353955860566e+00 0.000000000000000000e+00
1.274963018581857677e+00 0.000000000000000000e+00
1.275835683207855009e+00 0.000000000000000000e+00
1.276708347833852120e+00 0.000000000000000000e+00
1.277581012459849230e+00 0.000000000000000000e+00
1.278453677085846341e+00 0.000000000000000000e+00
1.279326341711843673e+00 0.000000000000000000e+00
1.280199006337840784e+00 0.000000000000000000e+00
1.281071670963837894e+00 0.000000000000000000e+00
1.281944335589835005e+00 0.000000000000000000e+00
1.282817000215832337e+00 0.000000000000000000e+00
1.283689664841829448e+00 0.000000000000000000e+00
1.284562329467826558e+00 0.000000000000000000e+00
1.285434994093823668e+00 0.000000000000000000e+00
1.286307658719821001e+00 0.000000000000000000e+00
1.287180323345818111e+00 0.000000000000000000e+00
1.288052987971815222e+00 0.000000000000000000e+00
1.288925652597812332e+00 0.000000000000000000e+00
1.289798317223809665e+00 0.000000000000000000e+00
1.290670981849806775e+00 0.000000000000000000e+00
1.291543646475803886e+00 0.000000000000000000e+00
1.292416311101800996e+00 0.000000000000000000e+00
1.293288975727798329e+00 0.000000000000000000e+00
1.294161640353795439e+00 0.000000000000000000e+00
1.295034304979792550e+00 0.000000000000000000e+00
1.295906969605789660e+00 0.000000000000000000e+00
1.296779634231786993e+00 0.000000000000000000e+00
1.297652298857784103e+00 0.000000000000000000e+00
1.298524963483781214e+00 0.000000000000000000e+00
1.299397628109778324e+00 0.000000000000000000e+00
1.300270292735775435e+00 0.000000000000000000e+00
1.301142957361772767e+00 0.000000000000000000e+00
1.302015621987769878e+00 0.000000000000000000e+00
1.302888286613766988e+00 0.000000000000000000e+00
1.303760951239764099e+00 0.000000000000000000e+00
1.304633615865761431e+00 0.000000000000000000e+00
1.305506280491758542e+00 0.000000000000000000e+00
1.306378945117755652e+00 0.000000000000000000e+00
1.307251609743752763e+00 0.000000000000000000e+00
1.308124274369750095e+00 0.000000000000000000e+00
1.308996938995747206e+00 0.000000000000000000e+00
1.309869603621744316e+00 0.000000000000000000e+00
1.310742268247741427e+00 0.000000000000000000e+00
1.311614932873738759e+00 0.000000000000000000e+00
1.312487597499735870e+00 0.000000000000000000e+00
1.313360262125732980e+00 0.000000000000000000e+00
1.314232926751730091e+00 0.000000000000000000e+00
1.315105591377727423e+00 0.000000000000000000e+00
1.315978256003724534e+00 0.000000000000000000e+00
1.316850920629721644e+00 0.000000000000000000e+00
1.317723585255718755e+00 0.000000000000000000e+00
1.318596249881716087e+00 0.000000000000000000e+00
1.319468914507713198e+00 0.000000000000000000e+00
1.320341579133710308e+00 0.000000000000000000e+00
1.321214243759707418e+00 0.000000000000000000e+00
1.322086908385704751e+00 0.000000000000000000e+00
1.322959573011701861e+00 0.000000000000000000e+00
1.323832237637698972e+00 0.000000000000000000e+00
1.324704902263696082e+00 0.000000000000000000e+00
1.325577566889693415e+00 0.000000000000000000e+00
1.326450231515690525e+00 0.000000000000000000e+00
1.327322896141687636e+00 0.000000000000000000e+00
1.328195560767684746e+00 0.000000000000000000e+00
1.329068225393682079e+00 0.000000000000000000e+00
1.329940890019679189e+00 0.000000000000000000e+00
1.330813554645676300e+00 0.000000000000000000e+00
1.331686219271673410e+00 0.000000000000000000e+00
1.332558883897670743e+00 0.000000000000000000e+00
1.333431548523667853e+00 0.000000000000000000e+00
1.334304213149664964e+00 0.000000000000000000e+00
1.335176877775662074e+00 0.000000000000000000e+00
1.336049542401659407e+00 0.000000000000000000e+00
1.336922207027656517e+00 0.000000000000000000e+00
1.337794871653653628e+00 0.000000000000000000e+00
1.338667536279650738e+00 0.000000000000000000e+00
1.339540200905648071e+00 0.000000000000000000e+00
1.340412865531645181e+00 0.000000000000000000e+00
1.341285530157642292e+00 0.000000000000000000e+00
1.342158194783639402e+00 0.000000000000000000e+00
1.343030859409636513e+00 0.000000000000000000e+00
1.343903524035633845e+00 0.000000000000000000e+00
1.344776188661630956e+00 0.000000000000000000e+00
1.345648853287628066e+00 0.000000000000000000e+00
1.346521517913625177e+00 0.000000000000000000e+00
1.347394182539622509e+00 0.000000000000000000e+00
1.348266847165619620e+00 0.000000000000000000e+00
1.349139511791616730e+00 0.000000000000000000e+00
1.350012176417613841e+00 0.000000000000000000e+00
1.350884841043611173e+00 0.000000000000000000e+00
1.351757505669608284e+00 0.000000000000000000e+00
1.352630170295605394e+00 0.000000000000000000e+00
1.353502834921602505e+00 0.000000000000000000e+00
1.354375499547599837e+00 0.000000000000000000e+00
1.355248164173596948e+00 0.000000000000000000e+00
1.356120828799594058e+00 0.000000000000000000e+00
1.356993493425591168e+00 0.000000000000000000e+00
1.357866158051588501e+00 0.000000000000000000e+00
1.358738822677585611e+00 0.000000000000000000e+00
1.359611487303582722e+00 0.000000000000000000e+00
1.360484151929579832e+00 0.000000000000000000e+00
1.361356816555577165e+00 0.000000000000000000e+00
1.362229481181574275e+00 0.000000000000000000e+00
1.363102145807571386e+00 0.000000000000000000e+00
1.363974810433568496e+00 0.000000000000000000e+00
1.364847475059565829e+00 0.000000000000000000e+00
1.365720139685562939e+00 0.000000000000000000e+00
1.366592804311560050e+00 0.000000000000000000e+00
1.367465468937557160e+00 0.000000000000000000e+00
1.368338133563554493e+00 0.000000000000000000e+00
1.369210798189551603e+00 0.000000000000000000e+00
1.370083462815548714e+00 0.000000000000000000e+00
1.370956127441545824e+00 0.000000000000000000e+00
1.371828792067543157e+00 0.000000000000000000e+00
1.372701456693540267e+00 0.000000000000000000e+00
1.373574121319537378e+00 0.000000000000000000e+00
1.374446785945534488e+00 0.000000000000000000e+00
1.375319450571531821e+00 0.000000000000000000e+00
1.376192115197528931e+00 0.000000000000000000e+00
1.377064779823526042e+00 0.000000000000000000e+00
1.377937444449523152e+00 0.000000000000000000e+00
1.378810109075520485e+00 0.000000000000000000e+00
1.379682773701517595e+00 0.000000000000000000e+00
1.380555438327514706e+00 0.000000000000000000e+00
1.381428102953511816e+00 0.000000000000000000e+00
1.382300767579508927e+00 0.000000000000000000e+00
1.383173432205506259e+00 0.000000000000000000e+00
1.384046096831503370e+00 0.000000000000000000e+00
1.384918761457500480e+00 0.000000000000000000e+00
1.385791426083497591e+00 0.000000000000000000e+00
1.386664090709494923e+00 0.000000000000000000e+00
1.387536755335492034e+00 0.000000000000000000e+00
1.388409419961489144e+00 0.000000000000000000e+00
1.389282084587486255e+00 0.000000000000000000e+00
1.390154749213483587e+00 0.000000000000000000e+00
1.391027413839480698e+00 0.000000000000000000e+00
1.391900078465477808e+00 0.000000000000000000e+00
1.392772743091474918e+00 0.000000000000000000e+00
1.393645407717472251e+00 0.000000000000000000e+00
1.394518072343469361e+00 0.000000000000000000e+00
1.395390736969466472e+00 0.000000000000000000e+00
1.396263401595463582e+00 0.000000000000000000e+00
1.397136066221460915e+00 0.000000000000000000e+00
1.398008730847458025e+00 0.000000000000000000e+00
1.398881395473455136e+00 0.000000000000000000e+00
1.399754060099452246e+00 0.000000000000000000e+00
1.400626724725449579e+00 0.000000000000000000e+00
1.401499389351446689e+00 0.000000000000000000e+00
1.402372053977443800e+00 0.000000000000000000e+00
1.403244718603440910e+00 0.000000000000000000e+00
1.404117383229438243e+00 0.000000000000000000e+00
1.404990047855435353e+00 0.000000000000000000e+00
1.405862712481432464e+00 0.000000000000000000e+00
1.406735377107429574e+00 0.000000000000000000e+00
1.407608041733426907e+00 0.000000000000000000e+00
1.408480706359424017e+00 0.000000000000000000e+00
1.409353370985421128e+00 0.000000000000000000e+00
1.410226035611418238e+00 0.000000000000000000e+00
1.411098700237415571e+00 0.000000000000000000e+00
1.411971364863412681e+00 0.000000000000000000e+00
1.412844029489409792e+00 0.000000000000000000e+00
1.413716694115406902e+00 0.000000000000000000e+00
1.414589358741404235e+00 0.000000000000000000e+00
1.415462023367401345e+00 0.000000000000000000e+00
1.416334687993398456e+00 0.000000000000000000e+00
1.417207352619395566e+00 0.000000000000000000e+00
1.418080017245392899e+00 0.000000000000000000e+00
1.418952681871390009e+00 0.000000000000000000e+00
1.419825346497387120e+00 0.000000000000000000e+00
1.420698011123384230e+00 0.000000000000000000e+00
1.421570675749381563e+00 0.000000000000000000e+00
1.422443340375378673e+00 0.000000000000000000e+00
1.423316005001375784e+00 0.000000000000000000e+00
1.424188669627372894e+00 0.000000000000000000e+00
1.425061334253370005e+00 0.000000000000000000e+00
1.425933998879367337e+00 0.000000000000000000e+00
1.426806663505364448e+00 0.000000000000000000e+00
1.427679328131361558e+00 0.000000000000000000e+00
1.428551992757358668e+00 0.000000000000000000e+00
1.429424657383356001e+00 0.000000000000000000e+00
1.430297322009353111e+00 0.000000000000000000e+00
1.431169986635350222e+00 0.000000000000000000e+00
1.432042651261347332e+00 0.000000000000000000e+00
1.432915315887344665e+00 0.000000000000000000e+00
1.433787980513341775e+00 0.000000000000000000e+00
1.434660645139338886e+00 0.000000000000000000e+00
1.435533309765335996e+00 0.000000000000000000e+00
1.436405974391333329e+00 0.000000000000000000e+00
1.437278639017330439e+00 0.000000000000000000e+00
1.438151303643327550e+00 0.000000000000000000e+00
1.439023968269324660e+00 0.000000000000000000e+00
1.439896632895321993e+00 0.000000000000000000e+00
1.440769297521319103e+00 0.000000000000000000e+00
1.441641962147316214e+00 0.000000000000000000e+00
1.442514626773313324e+00 0.000000000000000000e+00
1.443387291399310657e+00 0.000000000000000000e+00
1.444259956025307767e+00 0.000000000000000000e+00
1.445132620651304878e+00 0.000000000000000000e+00
1.446005285277301988e+00 0.000000000000000000e+00
1.446877949903299321e+00 0.000000000000000000e+00
1.447750614529296431e+00 0.000000000000000000e+00
1.448623279155293542e+00 0.000000000000000000e+00
1.449495943781290652e+00 0.000000000000000000e+00
1.450368608407287985e+00 0.000000000000000000e+00
1.451241273033285095e+00 0.000000000000000000e+00
1.452113937659282206e+00 0.000000000000000000e+00
1.452986602285279316e+00 0.000000000000000000e+00
1.453859266911276649e+00 0.000000000000000000e+00
1.454731931537273759e+00 0.000000000000000000e+00
1.455604596163270870e+00 0.000000000000000000e+00
1.456477260789267980e+00 0.000000000000000000e+00
1.457349925415265313e+00 0.000000000000000000e+00
1.458222590041262423e+00 0.000000000000000000e+00
1.459095254667259534e+00 0.000000000000000000e+00
1.459967919293256644e+00 0.000000000000000000e+00
1.460840583919253977e+00 0.000000000000000000e+00
1.461713248545251087e+00 0.000000000000000000e+00
1.462585913171248198e+00 0.000000000000000000e+00
1.463458577797245308e+00 0.000000000000000000e+00
1.464331242423242418e+00 0.000000000000000000e+00
1.465203907049239751e+00 0.000000000000000000e+00
1.466076571675236861e+00 0.000000000000000000e+00
1.466949236301233972e+00 0.000000000000000000e+00
1.467821900927231082e+00 0.000000000000000000e+00
1.468694565553228415e+00 0.000000000000000000e+00
1.469567230179225525e+00 0.000000000000000000e+00
1.470439894805222636e+00 0.000000000000000000e+00
1.471312559431219746e+00 0.000000000000000000e+00
1.472185224057217079e+00 0.000000000000000000e+00
1.473057888683214189e+00 0.000000000000000000e+00
1.473930553309211300e+00 0.000000000000000000e+00
1.474803217935208410e+00 0.000000000000000000e+00
1.475675882561205743e+00 0.000000000000000000e+00
1.476548547187202853e+00 0.000000000000000000e+00
1.477421211813199964e+00 0.000000000000000000e+00
1.478293876439197074e+00 0.000000000000000000e+00
1.479166541065194407e+00 0.000000000000000000e+00
1.480039205691191517e+00 0.000000000000000000e+00
1.480911870317188628e+00 0.000000000000000000e+00
1.481784534943185738e+00 0.000000000000000000e+00
1.482657199569183071e+00 0.000000000000000000e+00
1.483529864195180181e+00 0.000000000000000000e+00
1.484402528821177292e+00 0.000000000000000000e+00
1.485275193447174402e+00 0.000000000000000000e+00
1.486147858073171735e+00 0.000000000000000000e+00
1.487020522699168845e+00 0.000000000000000000e+00
1.487893187325165956e+00 0.000000000000000000e+00
1.488765851951163066e+00 0.000000000000000000e+00
1.489638516577160399e+00 0.000000000000000000e+00
1.490511181203157509e+00 0.000000000000000000e+00
1.491383845829154620e+00 0.000000000000000000e+00
1.492256510455151730e+00 0.000000000000000000e+00
1.493129175081149063e+00 0.000000000000000000e+00
1.494001839707146173e+00 0.000000000000000000e+00
1.494874504333143284e+00 0.000000000000000000e+00
1.495747168959140394e+00 0.000000000000000000e+00
1.496619833585137727e+00 0.000000000000000000e+00
1.497492498211134837e+00 0.000000000000000000e+00
1.498365162837131948e+00 0.000000000000000000e+00
1.499237827463129058e+00 0.000000000000000000e+00
1.500110492089126391e+00 0.000000000000000000e+00
1.500983156715123501e+00 0.000000000000000000e+00
1.501855821341120611e+00 0.000000000000000000e+00
1.502728485967117722e+00 0.000000000000000000e+00
1.503601150593114832e+00 0.000000000000000000e+00
1.504473815219112165e+00 0.000000000000000000e+00
1.505346479845109275e+00 0.000000000000000000e+00
1.506219144471106386e+00 0.000000000000000000e+00
1.507091809097103496e+00 0.000000000000000000e+00
1.507964473723100829e+00 0.000000000000000000e+00
1.508837138349097939e+00 0.000000000000000000e+00
1.509709802975095050e+00 0.000000000000000000e+00
1.510582467601092160e+00 0.000000000000000000e+00
1.511455132227089493e+00 0.000000000000000000e+00
1.512327796853086603e+00 0.000000000000000000e+00
1.513200461479083714e+00 0.000000000000000000e+00
1.514073126105080824e+00 0.000000000000000000e+00
1.514945790731078157e+00 0.000000000000000000e+00
1.515818455357075267e+00 0.000000000000000000e+00
1.516691119983072378e+00 0.000000000000000000e+00
1.517563784609069488e+00 0.000000000000000000e+00
1.518436449235066821e+00 0.000000000000000000e+00
1.519309113861063931e+00 0.000000000000000000e+00
1.520181778487061042e+00 0.000000000000000000e+00
1.521054443113058152e+00 0.000000000000000000e+00
1.521927107739055485e+00 0.000000000000000000e+00
1.522799772365052595e+00 0.000000000000000000e+00
1.523672436991049706e+00 0.000000000000000000e+00
1.524545101617046816e+00 0.000000000000000000e+00
1.525417766243044149e+00 0.000000000000000000e+00
1.526290430869041259e+00 0.000000000000000000e+00
1.527163095495038370e+00 0.000000000000000000e+00
1.528035760121035480e+00 0.000000000000000000e+00
1.528908424747032813e+00 0.000000000000000000e+00
1.529781089373029923e+00 0.000000000000000000e+00
1.530653753999027034e+00 0.000000000000000000e+00
1.531526418625024144e+00 0.000000000000000000e+00
1.532399083251021477e+00 0.000000000000000000e+00
1.533271747877018587e+00 0.000000000000000000e+00
1.534144412503015698e+00 0.000000000000000000e+00
1.535017077129012808e+00 0.000000000000000000e+00
1.535889741755010141e+00 0.000000000000000000e+00
1.536762406381007251e+00 0.000000000000000000e+00
1.537635071007004361e+00 0.000000000000000000e+00
1.538507735633001472e+00 0.000000000000000000e+00
1.539380400258998804e+00 0.000000000000000000e+00
1.540253064884995915e+00 0.000000000000000000e+00
1.541125729510993025e+00 0.000000000000000000e+00
1.541998394136990136e+00 0.000000000000000000e+00
1.542871058762987468e+00 0.000000000000000000e+00
1.543743723388984579e+00 0.000000000000000000e+00
1.544616388014981689e+00 0.000000000000000000e+00
1.545489052640978800e+00 0.000000000000000000e+00
1.546361717266975910e+00 0.000000000000000000e+00
1.547234381892973243e+00 0.000000000000000000e+00
1.548107046518970353e+00 0.000000000000000000e+00
1.548979711144967464e+00 0.000000000000000000e+00
1.549852375770964574e+00 0.000000000000000000e+00
1.550725040396961907e+00 0.000000000000000000e+00
1.551597705022959017e+00 0.000000000000000000e+00
1.552470369648956128e+00 0.000000000000000000e+00
1.553343034274953238e+00 0.000000000000000000e+00
1.554215698900950571e+00 0.000000000000000000e+00
1.555088363526947681e+00 0.000000000000000000e+00
1.555961028152944792e+00 0.000000000000000000e+00
1.556833692778941902e+00 0.000000000000000000e+00
1.557706357404939235e+00 0.000000000000000000e+00
1.558579022030936345e+00 0.000000000000000000e+00
1.559451686656933456e+00 0.000000000000000000e+00
1.560324351282930566e+00 0.000000000000000000e+00
1.561197015908927899e+00 0.000000000000000000e+00
1.562069680534925009e+00 0.000000000000000000e+00
1.562942345160922120e+00 0.000000000000000000e+00
1.563815009786919230e+00 0.000000000000000000e+00
1.564687674412916563e+00 0.000000000000000000e+00
1.565560339038913673e+00 0.000000000000000000e+00
1.566433003664910784e+00 0.000000000000000000e+00
1.567305668290907894e+00 0.000000000000000000e+00
1.568178332916905227e+00 0.000000000000000000e+00
1.569050997542902337e+00 0.000000000000000000e+00
1.569923662168899448e+00 0.000000000000000000e+00
